Time,EulerAngle1,EulerAngle2,EulerAngle3
50.0,92.01265928550043,44.9824140341593,46.42302095579115
50.01,93.15739026924113,44.95657332991759,47.23205043295735
50.02,94.30086307410745,44.919308936153314,48.039745088737234
50.03,95.4426272357424,44.870650494131226,48.84562660734702
50.04,96.58223769445638,44.810636563801445,49.649222046538476
50.050000000000004,97.71925615981046,44.739314479747414,50.45006519389064
50.06,98.85325242450035,44.65674017580635,51.24769787238008
50.07,99.98380561842053,44.56297797988574,52.04167118610249
50.08,101.11050539458566,44.45810038073554,52.83154669782252
50.09,102.23295303952695,44.342187768641026,53.61689753096089
50.1,103.35076250175146,44.21532815218177,54.39730938960475
50.11,104.46356133292073,44.07761685334725,55.17238149118932
50.120000000000005,105.57099153746127,43.929156183417845,55.94172740756301
50.13,106.67271032744007,43.770055102100535,56.704975811262
50.14,107.7683907806312,43.60042886245837,57.46177112491368
50.15,108.8577224007477,43.420398644194286,58.21177407274259
50.160000000000004,109.94041158013616,43.2300911781625,58.95466213447731
50.17,111.01618196988176,43.02963836967355,59.69012990691007
50.18,112.08477474333286,42.819176903447286,60.417889358503
50.19,113.14594877529866,42.59884785587969,61.13766999934904
50.2,114.19948073346848,42.3687963091512,61.84921896350323
50.21,115.24516508350607,42.12917096586906,62.55230100488049
50.22,116.2828140141642,41.88012376823054,63.246698413071925
50.230000000000004,117.31225728750448,41.621809523525926,63.93221085416453
50.24,118.33334201968287,41.35438553763328,64.60865514201699
50.25,119.3459323980184,41.078011257988685,65.27586494570146
50.26,120.34990934021067,40.79284792735014,65.9336904389767
50.27,121.34517010168348,40.49905824949611,66.58199789775973
50.28,122.33162783701579,40.196806067835986,67.22066925155532
50.29,123.30921112138019,39.886256057739814,67.84960159475328
50.300000000000004,124.2778634377574,39.56757343324286,68.46870666356146
50.31,125.237542635535,39.240923668623594,69.07791028417458
50.32,126.18822036587358,38.90647223521035,69.67715179755358
50.33,127.12988149893974,38.564384353645266,70.26638346591403
50.34,128.06252352783568,38.21482476170254,70.84556986574293
50.35,128.98615596371994,37.85795749765237,71.4146872718354
50.36,129.90079972630025,37.493945699052865,71.97372303652156
50.370000000000005,130.80648653465818,37.12295141913077,72.52267497012363
50.38,131.70325830124386,36.74513545983095,73.06155072552704
50.39,132.59116652377494,36.36065720273693,73.59036717260128
50.4,133.47027169510196,35.96967447253536,74.1091497983515
50.410000000000004,134.34064272136516,35.572343409057616,74.61793211310052
50.42,135.20235635306943,35.16881835192118,75.11675506910689
50.43,136.05549663123992,34.75925173783366,75.60566649403479
50.44,136.90015435020445,34.343794010002924,76.08472054081943
50.45,137.7364265383013,33.922593539068515,76.55397715521543
50.46,138.56441595754382,33.4957965549664,77.0135015620544
50.47,139.38423062305722,33.063547089125564,77.46336377101564
50.480000000000004,140.19598334287136,32.625986926405204,77.90363810249042
50.49,140.99979127847652,32.1832555661773,78.33440273393671
50.5,141.79577552637488,31.735490191967276,78.75573926694628
50.51,142.5840607206902,31.282825649086117,79.16773231508309
50.52,143.3647746567785,30.825394429690594,79.57046911242357
50.53,144.13804793564833,30.36332666473421,79.9640391426009
50.54,144.90401362890688,29.89675012228107,80.34853378805784
50.550000000000004,145.66280696384115,29.42579021168661,80.72404599911157
50.56,146.41456502818045,28.950569993161274,81.09066998236702
50.57,147.15942649402385,28.47121019225572,81.44850090794928
50.58,147.89753136034787,27.98782921883784,81.79763463496667
50.59,148.62902071348793,27.50054319014348,82.13816745458388
50.6,149.35403650493924,27.009465957515065,82.47019585004422
50.61,150.072721346909,26.51470914334215,82.79381628087455
50.620000000000005,150.7852183217687,26.016382172700762,83.1091249732086
50.63,151.49167080545843,25.51459229445794,83.41621770977174
50.64,152.19222230961566,25.009444628542532,83.71518966135905
50.65,152.88701633569204,24.501042206177143,84.00613522131839
50.660000000000004,153.57619624223264,23.989486011809756,84.28914785265634
50.67,154.25990512465043,23.47487502662096,84.56431994719989
50.68,154.93828570683672,22.957306273379338,84.83174269613907
50.69,155.61148024394643,22.436874862448814,85.0915059712849
50.7,156.2796304357325,21.913674038755364,85.3436982164016
50.71,156.94287734981143,21.387795229546743,85.58840634798698
50.72,157.6013613542748,20.859328092783876,85.82571566490125
50.730000000000004,158.25522205906896,20.32836056602959,86.05570976626076
50.74,158.90459826560064,19.79497891570362,86.27847047704053
50.75,159.5496279240495,19.259267786585276,86.49407778085359
50.76,160.1904480978794,18.721310251467653,86.70260975939384
50.77,160.8271949350805,18.181187860864966,86.90414253805845
50.78,161.4600036456842,17.638980692695768,87.09875023728537
50.79,162.08900848512903,17.0947674018635,87.2865049291687
50.800000000000004,162.71434274306318,16.54862526967824,87.46747659893258
50.81,163.33613873720287,16.00063025306123,87.64173311087089
50.82,163.9545278118886,15.45085703348123,87.80934017838158
50.83,164.56964034098868,14.899379065589649,87.97036133774172
50.84,165.1816057348316,14.34626862557841,88.12485792540947
50.85,165.79055245019345,13.791596865422907,88.27288906975646
50.86,166.3966080044135,13.235433853117106,88.41451166123305
50.870000000000005,166.99989899326565,12.677848617065267,88.5497803329262
50.88,167.60055111097688,12.118909196605674,88.67874745529453
50.89,168.19868917311317,11.558682688303154,88.8014631261462
50.9,168.79443714193772,10.997235291815622,88.91797516243447
50.910000000000004,169.38791815404565,10.434632355327981,89.02832909366462
50.92,169.97925455007976,9.870938420560968,89.13256815671785
50.93,170.5685679063573,9.306217267354384,89.23073329191418
50.94,171.1559790682337,8.740531957841329,89.32286314014665
50.95,171.74160818505692,8.173944880218013,89.40899404093466
50.96,172.32557474656267,7.60651779212732,89.48916003125369
50.97,172.90799762058452,7.038311863664874,89.56339284501244
50.980000000000004,173.48899509194513,6.469387720032465,89.63172191305688
50.99,174.06868490241655,5.899805483853921,89.69417436359264
51.0,174.647184291644,5.329624817170004,89.75077502292709
51.01,175.22461003892326,4.758904963141537,89.80154641644019
51.02,175.80107850574274,4.187704787476987,89.84650876970439
51.03,176.37670567899536,3.6160828196130512,89.8856800096806
51.04,176.9516072147818,3.044097293666396,89.91907576592706
51.050000000000004,177.5258984827169,2.4718061891896355,89.94670937176454
51.06,178.09969461066706,1.899267271753956,89.96859186534994
51.07,178.67311052984812,1.326538133381377,89.98473199061768
51.08,179.24626101982494,0.7536762332738295,89.99513619920042
51.09,179.81926074938877,0.1807389427306539,89.99980866432095
51.1,-179.60777567081416,-0.39221642271117235,89.99875125928092
51.11,-179.03473364330415,-0.9651325616694538,89.99196356139637
51.120000000000005,-178.46149853924544,-1.5379521453120104,89.97944285603423
51.13,-177.8879556526655,-2.1106177772234536,89.9611841363364
51.14,-177.31399015477862,-2.683071953228306,89.93718010272565
51.15,-176.73948704848667,-3.255257021134882,89.90742116220736
51.160000000000004,-176.16433112311768,-3.82711514037876,89.87189542748908
51.17,-175.5884069094761,-4.398588241533654,89.83058871594704
51.18,-175.01159863526885,-4.969617985669265,89.78348454847493
51.19,-174.43379018099026,-5.540145723521506,89.73056414825867
51.2,-173.85486503633683,-6.1101124544558445,89.67180643952781
51.21,-173.27470625723865,-6.679458785193719,89.6071880463427
51.22,-172.69319642358798,-7.248124888284199,89.53668329148283
51.230000000000004,-172.11021759776426,-7.816050460289896,89.46026419551316
51.24,-171.52565128404993,-8.38317467966839,89.37790047611122
51.25,-170.93937838903815,-8.949436164331802,89.2895595477481
51.26,-170.35127918315104,-9.514772928857044,89.1952065218261
51.27,-169.76123326338194,-10.079122341335047,89.0948042073858
51.28,-169.16911951739453,-10.642421079837609,88.98831311250547
51.29,-168.57481608910902,-11.20460508849365,88.87569144652616
51.300000000000004,-167.97820034593062,-11.765609533154771,88.7568951232499
51.31,-167.37914884777456,-12.32536875664344,88.63187776526753
51.32,-166.77753731981306,-12.883816233394532,88.5005907131298
51.33,-166.17324063160808,-13.44088452340882,88.36298304372107
51.34,-165.5661327597857,-13.996505227701075,88.2190015527016
51.35,-164.95608677073324,-14.550608941160574,88.06859077536906
51.36,-164.34297480239664,-15.103125205562343,87.91169300146528
51.370000000000005,-163.72666804815879,-15.65398246227243,87.74824829041262
51.38,-163.1070367439892,-16.20310800455314,87.5781944891849
51.39,-162.4839501591334,-16.75042792949044,87.40146725309242
51.4,-161.8572765906406,-17.295867089560208,87.21800006978157
51.410000000000004,-161.22688336203188,-17.83934904386942,87.02772428676477
51.42,-160.59263682644328,-18.380796009103598,86.8305691428206
51.43,-159.95440237458513,-18.920128810229627,86.62646180362044
51.44,-159.31204444789756,-19.4572668309962,86.4153274019643
51.45,-158.66542655728725,-19.992127964296227,86.19708908302617
51.46,-158.01441130786446,-20.524628562453092,85.97166805503511
51.47,-157.3588604301114,-21.05468338751259,85.73898364583772
51.480000000000004,-156.6986348179508,-21.58220556161896,85.49895336581599
51.49,-156.03359457419486,-22.107106517574575,85.2514929776542
51.5,-155.3635990638782,-22.62929594969432,84.99651657347194
51.51,-154.68850697601525,-23.14868176506695,84.73393665986912
51.52,-154.00817639432918,-23.665170035362326,84.46366425144521
51.53,-153.3224648775358,-24.17866494932606,84.18560897338405
51.54,-152.63122954977408,-24.68906876612872,83.89967917371123
51.550000000000004,-151.9343272018128,-25.196281769738714,83.6057820458589
51.56,-151.23161440982207,-25.700202225653182,83.30382377043165
51.57,-150.52294766354646,-26.20072633866478,82.99370966426139
51.58,-149.80818348445314,-26.697748207991733,82.67534431188712
51.59,-149.08717858669394,-27.19115978967791,82.34863175002765
51.6,-148.3597900425475,-27.680850859441975,82.01347565232341
51.61,-147.62587546229784,-28.166708977920756,81.66977952797376
51.620000000000005,-146.88529318963955,-28.64861945867817,81.31744693550351
51.63,-146.13790251329843,-29.126465339313015,80.95638171236091
51.64,-145.3835638955449,-29.60012735602114,80.58648822103564
51.65,-144.6221392182736,-30.06948392198074,80.20767161237565
51.660000000000004,-143.8534920472764,-30.534411109964545,79.81983810674437
51.67,-143.07748791531822,-30.994782639596018,79.42289529363272
51.68,-142.29399462456098,-31.45046986969918,79.01675245028675
51.69,-141.50288256884733,-31.90134179620231,78.60132087986491
51.7,-140.70402507626548,-32.347265056089384,78.17651426956101
51.71,-139.89729877235246,-32.788103937905554,77.74224906905461
51.72,-139.08258396417975,-33.22372039935095,77.29844488954754
51.730000000000004,-138.2597650454755,-33.65397409250471,76.84502492354315
51.74,-137.42873092279513,-34.07872239724593,76.38191638539159
51.75,-136.58937546260591,-34.4978204634513,75.90905097247749
51.76,-135.7415979590073,-34.911121262551525,75.42636534677531
51.77,-134.88530362160648,-35.318475649045865,74.9338016363037
51.78,-134.02040408288593,-35.71973243256867,74.4313079558211
51.79,-133.1468179241693,-36.11473846110993,73.91883894588052
51.800000000000004,-132.26447123422568,-36.503338721828825,73.39635634518035
51.81,-131.3732981575277,-36.88537644386559,72.86382954987855
51.82,-130.47324145348412,-37.260693212821415,72.32123618457493
51.83,-129.56425309476722,-37.629129108921745,71.76856271383626
51.84,-128.6462948640094,-37.99052285445695,71.20580505084007
51.85,-127.71933895811797,-38.34471197555283,70.63296917343408
51.86,-126.78336859727531,-38.69153297866853,70.05007174468997
51.870000000000005,-125.83837863537146,-39.030821542146555,69.4571407347004
51.88,-124.88437616825401,-39.36241272307372,68.85421604001255
51.89,-123.92138113583313,-39.686141179627114,68.24135009674531
51.9,-122.94942691376046,-40.00184140897784,67.61860848311053
51.910000000000004,-121.96856089004957,-40.30934800072731,66.98607050671572
51.92,-120.97884502171605,-40.608495905728695,66.34382977172976
51.93,-119.98035636621144,-40.89912072002419,65.6919947206962
51.94,-118.97318758220105,-41.18105898348504,65.03068914554457
51.95,-117.95744739400004,-41.45414849260219,64.36005266212406
51.96,-116.9332610138404,-41.71822862671557,63.68024114243532
51.97,-115.90077051601992,-41.97314068681466,62.991427098620406
51.980000000000004,-114.86013515696827,-42.218728245869315,62.29380001274741
51.99,-113.81153163528249,-42.45483750948603,61.58756660644931
52.0,-112.75515428589743,-42.681317685513484,60.87295104459011
52.01,-111.69121520277827,-42.898021361045586,60.150195067346345
52.02,-110.61994428479105,-43.10480488511133,59.41955804536839
52.03,-109.54158920096624,-43.30152875567494,58.68131695404865
52.04,-108.45641529405516,-43.488058019033765,57.93576628167089
52.050000000000004,-107.36470533242122,-43.66426264210627,57.18321779572858
52.06,-106.26675920482263,-43.83001789788406,56.4240002470286
52.07,-105.1628935290493,-43.98520474994731,55.658458985624996
52.08,-104.0534411534505,-44.129710225194415,54.88695547110491
52.09,-102.93875056052242,-44.26342777653542,54.10986668487068
52.1,-101.81918517292179,-44.386257632993264,53.327584444785934
52.11,-100.6951225632941,-44.49810713465872,52.54051462358304
52.120000000000005,-99.56695357041444,-44.59889104997196,51.7490762735304
52.13,-98.43508132521457,-44.68853187286858,50.95370066093953
52.14,-97.2999201913639,-44.766960097422384,50.15483021518725
52.15,-96.16189462616771,-44.834114467741884,49.3529173980157
52.160000000000004,-95.0214379685469,-44.889942201040114,48.54842349988341
52.17,-93.87899116185092,-44.93439918198404,47.74181737112069
52.18,-92.73500142011373,-44.96745012664931,46.93357409650762
52.19,-91.58992084717084,-44.98906871464822,46.124173622692204
52.2,-90.44420501868332,-44.9992376882652,45.314099348503355
52.21,-89.29831153766203,-44.9979489177178,44.50383668875334
52.22,-88.15269857444022,-44.98520343195902,43.693871622485865
52.230000000000004,-87.00782340229264,-44.96101141474448,42.88468923686855
52.24,-85.86414093994046,-44.925392165999426,42.076772277974904
52.25,-84.72210231208169,-44.878374028832056,41.27059971960257
52.26,-83.58215343885153,-44.81999428284555,40.466645361031965
52.27,-82.4447336692972,-44.75029900706403,39.66537646725829
52.28,-81.3102744838403,-44.66934292146156,38.86725247129376
52.29,-80.1791981820765,-44.577189160934026,38.072723686577454
52.300000000000004,-79.0519167019022,-44.47390905384867,37.28223012965684
52.31,-77.92883050306133,-44.35958186907676,36.49620041039806
52.32,-76.81032752646844,-44.2342945360652,35.715050699766955
52.33,-75.69678224012164,-44.09814134292812,34.939183784242815
52.34,-74.58855477602262,-43.95122361494975,34.16898821129017
52.35,-73.485990161447,-43.7936493759795,33.40483752923395
52.36,-72.38941764679006,-43.62553299525274,32.6470896237711
52.370000000000005,-71.2991501311663,-43.44699482219685,31.896086152297375
52.38,-70.21548368588323,-43.25816081177256,31.15215207617624
52.39,-69.13869717492712,-43.0591621428636,30.41559529009477
52.4,-68.06905197070579,-42.85013483216904,29.686706346751457
52.410000000000004,-67.00679176242794,-42.63121934596145,28.96575827426442
52.42,-65.95214245377115,-42.40256021197052,28.253006482953637
52.43,-64.90531214580982,-42.16430563352151,27.548688757477635
52.44,-63.866491200641285,-41.91660710792285,26.853025329762914
52.45,-62.83585238065672,-41.65961905093927,26.16621902768152
52.46,-61.81355105805805,-41.393498429029414,25.488455494080377
52.47,-60.799725488929816,-41.1184044008551,24.81990347048032
52.480000000000004,-59.79449714601846,-40.83449796940499,24.160715139598185
52.49,-58.79797110425578,-40.54194164589954,23.51102652073604
52.5,-57.810236473045016,-40.24089912647456,22.870957912063925
52.51,-56.831366877575334,-39.93153498752577,22.2406143781065
52.52,-55.861420976732624,-39.614014396488514,21.620086272960723
52.53,-54.90044296367462,-39.28850280845795,21.009449769135344
52.54,-53.94846314550396,-38.95516571179456,20.40876743925092
52.550000000000004,-53.005498525108784,-38.61416837900783,19.818088847929193
52.56,-52.07155339559785,-38.2656756323351,19.23745115710708
52.57,-51.146619944165685,-37.90985162487067,18.66687974095294
52.58,-50.23067886118172,-37.54685963715011,18.106388806180643
52.59,-49.32369995061463,-37.176861888994004,17.55598201388322
52.6,-48.425642738267584,-36.800019366340294,17.01565309936524
52.61,-47.53645707462666,-36.41649166271596,16.485386486787014
52.620000000000005,-46.656083729488294,-36.02643683494706,15.96515789578829
52.63,-45.784454975844525,-35.63001127264716,15.454934937579795
52.64,-44.92149516082618,-35.22736958098173,14.954677698311814
52.65,-44.06712126182709,-34.818664476180444,14.46433930784532
52.660000000000004,-43.221243426200225,-34.40404669323312,13.983866492328245
52.67,-42.3837654932068,-33.983664905194885,13.513200109261899
52.68,-41.554585497135115,-33.55766565350561,13.052275663986537
52.69,-40.733596150762786,-33.126193288733425,12.601023806761916
52.7,-39.9206853085284,-32.68938992113985,12.15937080982126
52.71,-39.115736408991694,-32.247395380477386,11.727239023982452
52.72,-38.31862889632083,-31.80034718442831,11.304547314567506
52.730000000000004,-37.52923862072414,-31.34838051511619,10.891211476550994
52.74,-36.74743821786702,-30.891628203127066,10.487144628989137
52.75,-35.97309747742574,-30.430220726097755,10.092257592688743
52.76,-35.206083676347056,-29.964286202756533,9.70645924183031
52.77,-34.446261879883465,-29.493950383484872,9.329656831403605
52.78,-33.693495251351465,-29.01933666793305,8.961756316081843
52.79,-32.94764533100367,-28.540566118871453,8.602662645673977
52.800000000000004,-32.208572296180776,-28.057757480553544,8.252280042237143
52.81,-31.476135203403537,-27.571027201212896,7.910512259487546
52.82,-30.7501922130436,-27.08048945929776,7.577262825160813
52.83,-30.03060079725172,-26.58625619307983,7.252435267004762
52.84,-29.317217931819815,-26.08843713328392,6.935933323095606
52.85,-28.609900272678804,-25.587139838417645,6.627661137185841
52.86,-27.908504317723025,-25.082469732491727,6.327523439789621
52.870000000000005,-27.212886554669062,-24.574530144855125,6.035425715718132
52.88,-26.522903595636514,-24.063422351879552,5.751274358765479
52.89,-25.83841229912888,-23.549245620247383,5.4749768142362765
52.9,-25.159269880093397,-23.032097251625803,5.206441709998972
52.910000000000004,-24.4853340087059,-22.512072628515313,4.945578976726072
52.92,-23.816462898522275,-21.98926526108788,4.692299957970166
52.93,-23.15251538460502,-21.46376683483583,4.4465175106997075
52.94,-22.49335099222953,-20.93566725888121,4.208146096903964
52.95,-21.83882999673516,-20.405054714796506,3.9771018668478004
52.96,-21.188813475076557,-19.87201570581138,3.7533027345390075
52.97,-20.543163349594355,-19.33663510628253,3.536668445942779
52.980000000000004,-19.901742424685658,-18.79899621148006,3.327120640501456
52.99,-19.26441442533093,-18.259180795229426,3.1245829084810053
53.0,-18.631044009121688,-17.717269149552205,2.92898083750901
53.01,-18.00149678158826,-17.173340132267285,2.7402420562512635
53.02,-17.37563931280811,-16.627471220571262,2.558296274760518
53.03,-16.753339144269262,-16.079738560281147,2.3830753191389378
53.04,-16.134464790986115,-15.530217014814891,2.2145131620523264
53.050000000000004,-15.518885739221053,-14.978980213875763,2.05254594945266
53.06,-14.906472440132054,-14.42610060180236,1.8971120238411343
53.07,-14.297096299647684,-13.871649485552364,1.748151944384378
53.08,-13.69062966486404,-13.315697082304464,1.605608504180397
53.09,-13.086945807225142,-12.758312566654512,1.4694267449484149
53.1,-12.485918902743618,-12.19956411739776,1.3395539694022653
53.11,-11.88742400949001,-11.639518963882175,1.2159397515472226
53.120000000000005,-11.291337042579,-11.078243431935876,1.098535945127479
53.13,-10.697534746854126,-10.51580298936419,0.9872966904332302
53.14,-10.105894667459006,-9.952262291015069,0.8821784196619687
53.15,-9.516295118482214,-9.387685223426011,0.7831398610168342
53.160000000000004,-8.928615149835807,-8.822134949054178,0.6901420417086495
53.17,-8.342734512528274,-8.255673950105326,0.6031482900178385
53.18,-7.758533622470193,-7.688364071967992,0.522124236558395
53.19,-7.175893522956311,-7.120266566276109,0.44703781487700334
53.2,-6.5946958459435105,-6.55144213361038,0.3778592615071124
53.21,-6.014822772247473,-5.98195096586188,0.31456111558911637
53.22,-5.436156992360985,-5.411852789852784,0.2571182182897278
53.230000000000004,-4.858581667676303,-4.84120691194121,0.20550771200007106
53.24,-4.281980379171038,-4.270072250701503,0.15970903843554088
53.25,-3.7062370883562767,-3.6985073821201686,0.11970393784107945
53.26,-3.1312360940267023,-3.1265705810263915,0.08547644779926272
53.27,-2.5568619880432473,-2.5543198618739407,0.057012902031525974
53.28,-1.9829996106792782,-1.9818130193481587,0.03430192928293639
53.29,-1.4095340055974763,-1.4091076688181123,0.01733445233188795
53.300000000000004,-0.8363503745359052,-0.836261286668583,0.006103687159517293
53.31,-0.26333403176808323,-0.2633312505357203,0.0006051423058385066
53.32,0.30962964160002815,0.3096251205296598,0.0008366184328852755
53.33,0.8826552434230428,0.8825505259354621,0.006798208108372226
53.34,1.4558573963410886,1.4553876434368285,0.018492295816298663
53.35,2.0293507935675232,2.028079089006888,0.03592355819423918
53.36,2.603250244581259,2.6005673766681383,0.05909896449039275
53.370000000000005,3.1776707206506076,3.1727948782488693,0.08802777722636076
53.38,3.7527274001255195,3.7447037830405576,0.12272155304484597
53.39,4.328535713433357,4.316236057332535,0.16319414371475344
53.4,4.9052113876994,4.8873334037891425,0.2094616972583441
53.410000000000004,5.482870490924727,5.4579372206494,0.2615426591585197
53.42,6.061629475639159,6.0279885607183665,0.3194577735961074
53.43,6.64160522195432,6.597428090131406,0.38323008466017616
53.44,7.222915079922564,7.166196046858854,0.45288493746505093
53.45,7.80567691108345,7.734232198901812,0.5284499790945176
53.46,8.390009126967863,8.301475800127859,0.609955158857021
53.47,8.976030731602918,8.867865550597285,0.6974327290470271
53.480000000000004,9.563861360792957,9.43333955443014,0.7909172450563313
53.49,10.153621318294565,9.99783527551524,0.8904455645242252
53.5,10.745431611894045,10.561289494040984,0.9960568460173322
53.51,11.339413988006168,11.123638262630008,1.1077925469000875
53.52,11.935690964655008,11.684816862071361,1.225696420252784
53.53,12.53438586267531,12.244759756634819,1.349814510680022
53.54,13.135622834973255,12.803400548965765,1.4801951488419214
53.550000000000004,13.739526893658589,13.36067193454774,1.6168889445241699
53.56,14.346223934859003,13.916505655734213,1.759948778051192
53.57,14.955840761013897,14.470832455354163,1.9094297898322787
53.58,15.568505100418225,15.02358202988889,2.0653893678122426
53.59,16.184345623786605,15.574682982235204,2.2278871325853884
53.6,16.80349195757967,16.12406277406354,2.3969849199117954
53.61,17.426074693829644,16.671647677795313,2.5727467603603213
53.620000000000005,18.05222539616908,17.217362728215313,2.7552388557802514
53.63,18.682076601759988,17.76113167375166,2.94452955228741
53.64,19.31576181880136,18.302876927461856,3.1406893094309374
53.65,19.953415519260215,18.842519517759385,3.343790665182503
53.660000000000004,20.59517312646576,19.37997903893598,3.5539081963729418
53.67,21.241170997172315,19.91517360153191,3.77111847417559
53.68,21.891546397686636,20.448019782625543,3.9955000142170776
53.69,22.546437473820564,20.97843257647228,4.2271332206844034
53.7,23.205983214331116,21.506325345796736,4.466100323893943
53.71,23.870323405364577,22.031609770267057,4.712485312573442
53.72,24.539598578681765,22.5541957980742,4.966373857364099
53.730000000000004,25.21394995116369,23.073991597245254,5.227853226856582
53.74,25.89351935535707,23.59090350737109,5.497012195288535
53.75,26.578449160551603,24.104835992006038,5.773940941262681
53.76,27.268882183782974,24.615691591891302,6.058730936874477
53.77,27.96496159015161,25.123370879182318,6.351474826623808
53.78,28.66683078181377,25.627772412865973,6.652266295460258
53.79,29.374633274997798,26.128792695580977,6.961199925299506
53.800000000000004,30.088512564365338,26.626326132059894,7.27837103932564
53.81,30.808611974038506,27.120264989440372,7.60387553338729
53.82,31.535074494604817,27.610499359712506,7.937809693786541
53.83,32.268042605391884,28.096917124579733,8.280270000747764
53.84,33.00765808132091,28.57940392304427,8.631352916860704
53.85,33.75406178363811,29.057843122039774,8.991154659790263
53.86,34.50739343384817,29.532115790466,9.359770958562926
53.870000000000005,35.2677913701736,30.00210067699098,9.737296792748706
53.88,36.035392285902766,30.467674192018432,10.123826113889859
53.89,36.81033094902515,30.928710394241588,10.519451548562271
53.9,37.5927399025799,31.38508098221789,10.924264082491861
53.910000000000004,38.38274914521822,31.83665529143341,11.338352725212522
53.92,39.18048579157236,32.28330029739118,11.761804154812046
53.93,39.98607371557162,32.724880629728744,12.194702342449252
53.94,40.79963316535699,33.16125858386932,12.637128156203781
53.95,41.621280359605336,33.59229414309105,13.089158944228314
53.96,42.45112706632803,34.01784501326478,13.550868097177931
53.97,43.28928015871698,34.43776666376619,14.022324589938929
53.980000000000004,44.135841150297665,34.85191237766275,14.503592502936595
53.99,44.9909057098375,35.26013331177214,14.994730523460028
54.0,45.85456315665577,35.662278567192075,15.49579142763993
54.01,46.72689593718069,36.0581952708918,16.006821543921973
54.02,47.60797908385602,36.44772866895918,16.5278601991267
54.03,48.49787965773822,36.83072223207698,17.058939148431964
54.04,49.39665617641553,37.20701777379014,17.600081990898417
54.050000000000004,50.30435802915031,37.57645558208984,18.15130357243633
54.06,51.221024881470086,37.93887456481381,18.712609378430198
54.07,52.14668607175478,38.29411240931857,19.283994918558903
54.08,53.081360002681805,38.64200575682028,19.86544510667122
54.09,54.02505353075473,38.98239039174793,20.45693363893122
54.1,54.9777613574678,39.31510144637323,21.058422373782314
54.11,55.93946542602314,39.63997362090616,21.66986071763599
54.120000000000005,56.910134327834335,39.95684141914306,22.291185020517055
54.13,57.88972272339751,40.26553939965663,22.92231798623789
54.14,58.87817078242405,40.56590244240235,23.56316810198717
54.15,59.87540364839718,40.85776603048343,24.21362909249375
54.160000000000004,60.88133093517143,41.140966549263105,24.87357940490004
54.17,61.89584626207588,41.41534160350901,25.5428817303523
54.18,62.91882681143636,41.6807303256628,26.221382560916695
54.19,63.95013295280264,41.936973719461854,26.9089117999898
54.2,64.98960791549419,42.1839150096522,27.60528242456736
54.21,66.03707751950112,42.42140000125469,28.31029020654656
54.22,67.09234997142048,42.64927744799005,29.023713499172818
54.230000000000004,68.15521573107526,42.86739942833618,29.745313094277726
54.24,69.22544745420429,43.075621727528535,30.47483215568874
54.25,70.30280001623711,43.27380422365369,31.21199623381763
54.26,71.38701062167598,43.46181127582999,31.95651336594868
54.27,72.47779900306253,43.63951211233495,32.70807426619594
54.28,73.57486771282161,43.8067812164105,33.466352608419236
54.29,74.67790251053748,43.963498707375095,34.23100540464549
54.300000000000004,75.7865728473469,44.10955071458242,35.00167348067973
54.31,76.90053244823424,44.24482974170951,35.777982049683416
54.32,78.01941999202685,44.3692350188229,36.559541383511686
54.33,79.14285988782717,44.48267283966372,37.345947580545285
54.34,80.27046314556807,44.585056881621696,38.136783427695576
54.35,81.4018283372608,44.676308505922904,38.93161935314961
54.36,82.5365426444293,44.75635703564849,39.73001446534085
54.370000000000005,83.6741829861208,44.82514000932142,40.531517672535
54.38,84.81431722086715,44.88260340795512,41.335668876398834
54.39,85.95650541507406,44.9287018537383,42.1420002319949
54.4,87.10030117791186,44.96339878965177,42.95003747137902
54.410000000000004,88.24525302586774,44.98666660422043,43.75930126384292
54.42,89.3909057918769,44.99848672990184,44.56930861794962
54.43,90.53680207208947,44.99884972000208,45.37957431801492
54.44,91.68248368429987,44.98775528448223,46.18961237428451
54.45,92.82749313235875,44.965212291050584,46.998937479094714
54.46,93.97137506531085,44.931238731530264,47.80706645775831
54.47,95.1136777201011,44.88586165380406,48.613519703009224
54.480000000000004,96.25395433689758,44.82911705994527,49.417822582054825
54.49,97.39176453649355,44.76104977144002,50.21950680569048
54.5,98.52667564978451,44.681713262689144,51.01811174946611
54.51,99.65826398996248,44.59116946424195,51.81318571754658
54.52,100.78611605888668,44.48948853745556,52.60428714071594
54.53,101.90982967995247,44.3767486224887,53.39098570084647
54.54,103.02901505077745,44.25303556172586,54.17286337514183
54.550000000000004,104.14329571002618,44.11844260088518,54.94951539447627
54.56,105.25230941379385,43.9730700701873,55.72055111124282
54.57,106.35570891806483,43.81702504805317,56.485594773219745
54.58,107.45316266483655,43.6504210098621,57.244286201045156
54.59,108.54435537060569,43.47337746432453,57.99628136798821
54.6,109.62898851693362,43.28601958002463,58.74125288173195
54.61,110.70678074382178,43.08847780465191,59.47889036888947
54.620000000000005,111.7774681475249,42.880887479386665,60.20890076388112
54.63,112.8408044875644,42.6633884543217,60.93100850733844
54.64,113.89656130711471,42.43612470946305,61.64495565903385
54.65,114.94452794648032,42.19924394481404,62.350501899744565
54.660000000000004,115.9845114975191,41.952897207662495,63.0474244769663
54.67,117.01633667592455,41.697238517610565,63.73551806797361
54.68,118.03984562145638,41.43242449760256,64.41459457057124
54.69,119.05489763277306,41.15861401402068,65.08448282833605
54.7,120.06136884271837,40.875967827210104,65.74502829619243
54.71,121.05915184000123,40.58464825362865,66.39609265225818
54.72,122.04815524325737,40.28481884064125,67.03755336193977
54.730000000000004,123.02830323341217,39.97664405482036,67.66930320019524
54.74,123.99953505017513,39.66028898444759,68.2912497377877
54.75,124.96180445833193,39.3359190567573,68.9033147971868
54.76,125.91507918926617,39.00369977032448,69.50543388354976
54.77,126.8593403629141,38.66379644285451,70.09755559597463
54.78,127.79458189505073,38.316373974513326,70.6796410239216
54.79,128.7208098945134,37.96159662681338,71.25166313339793
54.800000000000004,129.63804205461742,37.59962781697498,71.81360614715949
54.81,130.54630704269724,37.2306299275816,72.36546492285422
54.82,131.44564389136107,36.85476413126366,72.90724433268578
54.83,132.3361013946836,36.472190230080805,73.43895864782075
54.84,133.217737512242,36.083066509200385,73.9606309304336
54.85,134.09061878354976,35.68754960442454,74.47229243593989
54.86,134.95481975516074,35.28579438312017,74.97398202770827
54.870000000000005,135.81042242580446,34.8779538467056,75.46574561462562
54.88,136.65751569986867,34.46417902752487,75.94763558721864
54.89,137.49619486108412,34.04461890143997,76.41971027504246
54.9,138.32656106910667,33.619420322238625,76.88203343294064
54.910000000000004,139.1487208731772,33.188727960920566,77.33467374112692
54.92,139.96278574598796,32.75268425489524,77.77770432521312
54.93,140.76887163821934,32.31142936649229,78.21120229663602
54.94,141.5670985540124,31.865101150203586,78.63524831374454
54.95,142.3575901475011,31.413835128075483,79.04992616365945
54.96,143.14047334037082,30.957764472692645,79.4553223648665
54.97,143.9158779602988,30.49701999720166,79.85152579038578
54.980000000000004,144.68393640000352,30.03173015185265,80.23862731124096
54.99,145.44478329655172,29.56202102654748,80.61671945986471
55.0,146.19855523048932,29.08801635890467,80.98589611299676
55.01,146.94539044428285,28.609837547382124,81.3462521935556
55.02,147.6854285795189,28.127603669009744,81.69788339091821
55.03,148.4188104322511,27.64143150131673,82.04088589899114
55.04,149.14567772586332,27.15143554805147,82.37535617142755
55.050000000000004,149.86617290077433,26.657728068327145,82.70139069331056
55.06,150.5804389203051,26.16041910883926,83.01908576861204
55.07,151.28861909202215,25.659616538827116,83.32853732273158
55.08,151.99085690521895,25.155426089212423,83.62984072281574
55.09,152.68729587960343,24.64795139050924,83.92309060516128
55.1,153.37807942784903,24.137294012919703,84.208380716055
55.11,154.06335073292314,23.623553510689423,84.48580377002777
55.120000000000005,154.74325263634947,23.106827466598272,84.75545131718535
55.13,155.41792753783602,22.587211537656387,85.0174136214459
55.14,156.0875173056347,22.06479950181045,85.27177954903584
55.15,156.75216319700363,21.539683305492222,85.51863646661113
55.160000000000004,157.4120057881825,21.01195311184331,85.75807014839788
55.17,158.06718491329886,20.481697349475617,85.99016469176333
55.18,158.71783961166,19.949002761629636,86.21500244065594
55.19,159.36410808289105,19.413954455619542,86.43266391637067
55.2,160.00612764942065,18.876635952452332,86.64322775512487
55.21,160.6440347258265,18.337129236530096,86.84677065195027
55.22,161.27796479458837,17.795514805344624,87.04336731043315
55.230000000000004,161.90805238780536,17.25187171909642,87.23309039785443
55.24,162.53443107446742,16.706277650168865,87.41601050530736
55.25,163.15723345289592,16.158808932396603,87.59219611239381
55.26,163.776591147975,15.609540610085965,87.76171355611793
55.27,164.39263481283413,15.058546486738853,87.92462700362204
55.28,165.0054941346481,14.505899173449968,88.0809984284277
55.29,165.6152978432204,13.951670140972562,88.2308875958194
55.300000000000004,166.22217372448378,13.395929764177447,88.37435204057317
55.31,166.8262486380396,12.838747365226753,88.51144704584918
55.32,167.42764853583853,12.280191263800377,88.64222563544577
55.33,168.02649848430613,11.720328823517521,88.76673856321351
55.34,168.62292268900913,11.159226497926863,88.88503430435127
55.35,169.2170445216496,10.596949876068598,88.99715904837073
55.36,169.80898654920048,10.033563727604001,89.1031566935343
55.370000000000005,170.3988705649932,9.469132047525045,89.20306884258017
55.38,170.986817621593,8.903718100448328,89.2969347995669
55.39,171.57294806530842,8.337384464500051,89.38479156768017
55.4,172.157381572181,7.770193074812298,89.46667384785547
55.410000000000004,172.74023718532416,7.20220526663895,89.54261403808466
55.42,173.32163335348042,6.633481818112663,89.61264223328324
55.43,173.90168797068333,6.064082992654734,89.67678622560689
55.44,174.48051841690562,5.494068581065775,89.73507150511475
55.45,175.05824159959585,4.923497943311852,89.78752126068756
55.46,175.63497399600115,4.352430050033338,89.83415638111664
55.47,176.21083169619118,3.7809235237934087,89.87499545629018
55.480000000000004,176.78593044668926,3.2090366800982273,89.91005477840926
55.49,177.3603856946326,2.6368275682104034,89.93934834317659
55.5,177.93431263179212,2.064354012703522,89.96288785548106
55.51,178.50782623961467,1.4916736532865227,89.98068272764833
55.52,179.08104133533706,0.9188439839619956,89.99274007432457
55.53,179.65407261706395,0.3459223941990424,89.99906471750556
55.54,-179.77296529054695,-0.22703379089454467,89.99965918700255
55.550000000000004,-179.19995779049853,-0.7999672704420704,89.9945237206862
55.56,-178.6267902676284,-1.3728207276845872,89.98365626450348
55.57,-178.05334804280417,-1.9455367898600642,89.9670524722668
55.58,-177.47951632721194,-2.5180579880392444,89.94470570522142
55.59,-176.90518017679645,-3.0903267168968087,89.91660703140427
55.6,-176.3302244469246,-3.662285194385263,89.88274522481345
55.61,-175.75453374733405,-4.233875421290572,89.84310676441548
55.620000000000005,-175.17799239744429,-4.805039140634816,89.79767583302397
55.63,-174.60048438210126,-5.375717796902913,89.74643431609124
55.64,-174.02189330782718,-5.945852495071067,89.68936180046076
55.65,-173.44210235966528,-6.515383959403874,89.62643557313783
55.660000000000004,-172.8609942586971,-7.084252492002062,89.55763062014165
55.67,-172.27845122032863,-7.652397931072325,89.48291962551282
55.68,-171.694354913434,-8.21975960890313,89.40227297055598
55.69,-171.1085864204681,-8.786276309516959,89.31565873340959
55.7,-170.52102619865053,-9.351886225985313,89.22304268904121
55.71,-169.93155404480697,-9.916526916568083,89.12438831460311
55.72,-169.3400490583597,-10.480135261746987,89.01965678864991
55.730000000000004,-168.74638960248055,-11.042647421720323,88.90880698533763
55.74,-168.15045327338174,-11.60399879125633,88.79179548257014
55.75,-167.55211686884942,-12.164123955068716,88.66857656603341
55.76,-166.9512563586903,-12.72295664276924,88.53910223446348
55.77,-166.34774685727274,-13.280429683394782,88.40332220634674
55.78,-165.74146259835814,-13.83647495950135,88.26118392824725
55.79,-165.13227691242048,-14.391023360832136,88.11263258496882
55.800000000000004,-164.52006220668088,-14.944004737556389,87.95761111177802
55.81,-163.90468994808757,-15.495347853090925,87.79606020892729
55.82,-163.28603064948803,-16.044980336520467,87.6279183587345
55.83,-162.66395385926805,-16.59282863462663,87.45312184549582
55.84,-162.03832815473672,-17.138817963554406,87.2716047785228
55.85,-161.40902113956548,-17.68287226013952,87.08329911861829
55.86,-160.77589944559784,-18.224914132937045,86.8881347083198
55.870000000000005,-160.13882873938067,-18.764864812984822,86.68603930626682
55.88,-159.4976737337782,-19.302644104352975,86.47693862606367
55.89,-158.8522982050495,-19.83817033453882,86.26075638003316
55.9,-158.20256501580653,-20.37136030476377,86.0374143282815
55.910000000000004,-157.54833614427625,-20.90212924025143,85.8068323335134
55.92,-156.88947272313473,-21.430390741403304,85.56892842696293
55.93,-156.22583508252782,-21.956056734230412,85.32361887514624
55.94,-155.55728279560324,-22.479037419469606,85.07081824526391
55.95,-154.8836747410604,-22.999241224690376,84.81043949388705
55.96,-154.20486917130674,-23.516574755947815,84.54239405805937
55.97,-153.52072378996596,-24.030942750077564,84.2665919552379
55.980000000000004,-152.83109583936997,-24.542248027791327,83.9829418927338
55.99,-152.13584219864654,-25.05039144774812,83.6913513872774
56.0,-151.43481949303128,-25.555271861792537,83.39172689535054
56.01,-150.7278842150666,-26.056786071558182,83.08397395495352
56.02,-150.0148928583482,-26.554828786664725,82.76799733948239
56.03,-149.2957020645062,-27.04929258474581,82.44370122441133
56.04,-148.57016878410522,-27.540067873574475,82.11098936747848
56.050000000000004,-147.8381504521694,-28.027042855560378,81.76976530308727
56.06,-147.09950517902823,-28.5101034949245,81.41993255163125
56.07,-146.35409195717293,-28.989133487877982,81.06139484444478
56.08,-145.60177088481998,-29.46401423614471,80.69405636508114
56.09,-144.842403406842,-29.93462482420173,80.31782200759274
56.1,-144.07585257371835,-30.40084200062494,79.93259765247163
56.11,-143.30198331910864,-30.862540163960254,79.53829046086824
56.120000000000005,-142.5206627566297,-31.31959135355113,79.13480918767277
56.13,-141.73176050079593,-31.771865247084026,78.72206451917418
56.14,-140.9351490040995,-32.21922916287291,78.29996942549285
56.15,-140.13070390393133,-32.661548065414756,77.86843952109622
56.160000000000004,-139.31830440651427,-33.09868458260027,77.42739346494899
56.17,-138.49783368609334,-33.53049902872134,76.97675337444909
56.18,-137.66917930508203,-33.956849435486774,76.51644526001736
56.19,-136.83223365518987,-34.377591591642464,76.04639948038829
56.2,-135.98689441928076,-34.79257909178588,75.56655121836279
56.21,-135.13306505355266,-35.20166339496443,75.07684097661915
56.22,-134.27065528941753,-35.60469389365938,74.57721509297319
56.230000000000004,-133.39958165426862,-36.00151799374629,74.06762627427707
56.24,-132.51976801007166,-36.39198120602513,73.54803414790436
56.25,-131.63114610846458,-36.77592724990169,73.01840582951445
56.26,-130.73365616079573,-37.1531981697757,72.4787165055304
56.27,-129.8272474212214,-37.52363446467536,71.92895002846117
56.28,-128.91187878069496,-37.8870752316375,71.36909952290517
56.29,-127.9875193693433,-38.243358323297635,70.79916799974193
56.300000000000004,-127.05414916441694,-38.592320520094745,70.21916897570024
56.31,-126.11175960064371,-38.93379771744247,69.62912709514164
56.32,-125.16035417946824,-39.26762512814696,69.02907875055064
56.33,-124.19994907333518,-39.59363750026475,68.41907269789087
56.34,-123.2305737487804,-39.91166933606073,67.79917067825801
56.35,-122.25227145245208,-40.221555214717085,67.16944796695424
56.36,-121.26509991720627,-40.52312993127266,66.52999400462943
56.370000000000005,-120.26913179433373,-40.816228866368974,65.8809129026136
56.38,-119.26445519580822,-41.100688256945915,65.2223239780461
56.39,-118.25117416980993,-41.376345505043695,64.5543622395302
56.4,-117.22940913578154,-41.643039500263065,63.87717883218238
56.410000000000004,-116.19929727309018,-41.90061095506361,63.1909414361592
56.42,-115.1609928573307,-42.148902751908906,62.49583461269939
56.43,-114.11466753829755,-42.38776030110429,61.79206009171853
56.44,-113.06051055377065,-42.61703190799466,61.07983699510178
56.45,-111.99872887340895,-42.83656914802635,60.359401989998084
56.46,-110.92954726733382,-43.04622724800439,59.631009366700134
56.47,-109.85320829432165,-43.24586547171873,58.89493103603863
56.480000000000004,-108.76997220501111,-43.43534750795507,58.15145644169708
56.49,-107.68011675606307,-43.614541858767836,57.40089238339216
56.5,-106.58393693186386,-43.7833222257668,56.643562747518075
56.51,-105.4817445711289,-43.94156789205514,55.87980814261151
56.52,-104.37386789656769,-44.089164097374564,55.10998543780796
56.53,-103.26065094670514,-44.22600240394468,54.33446720338573
56.54,-102.14245290990891,-44.351981050449346,53.553641053456246
56.550000000000004,-101.01964736635675,-44.46700529374382,52.76790889550304
56.56,-99.89262143383188,-44.57098773283369,51.97768608385943
56.57,-98.76177480468007,-44.66384860532757,51.18340046837324
56.58,-97.62751871787277,-44.745516072226486,50.385491373392455
56.59,-96.49027484254397,-44.815926475324126,49.5844084896352
56.6,-95.35047408627115,-44.87502456822732,48.780610690830756
56.61,-94.2085553358479,-44.922763719182015,47.974564782825865
56.620000000000005,-93.06496413894271,-44.95910608396266,47.16674419355082
56.63,-91.92015133582467,-44.984022747321966,46.35762761303289
56.64,-90.77457165103112,-44.99749383175615,45.547697593339315
56.65,-89.6286822554394,-44.999508572619575,44.737439118911745
56.660000000000004,-88.4829413095974,-44.990065358918116,43.92733815815534
56.67,-87.3378064994571,-44.969171739415145,43.11788020742883
56.68,-86.19373357574358,-44.93684439399512,42.30954883867585
56.69,-85.05117490816706,-44.893109070541705,41.50282426190521
56.7,-83.91057806607714,-44.83800048814683,40.69818191392461
56.71,-82.7723844360417,-44.77156220747103,39.89609108383519
56.72,-81.63702788163077,-44.693846467475595,39.09701358214766
56.730000000000004,-80.50493346374192,-44.604913993463796,38.301402469027394
56.74,-79.37651622433637,-44.50483377580583,37.509700846359706
56.75,-78.25218004247353,-44.393682821654295,36.72234072219557
56.76,-77.1323165696414,-44.27154588177821,35.93974195453003
56.77,-76.01730425018448,-44.13851515474603,35.162311280223506
56.78,-74.90750743158353,-43.99468997082058,34.39044143382212
56.79,-73.8032755682253,-43.840176458021915,33.62451035992301
56.800000000000004,-72.70494252122944,-43.67508719288242,32.864880521652154
56.81,-71.61282595579547,-43.49954083844795,32.111898306724356
56.82,-70.52722683648446,-43.313661772079215,31.36589353150654
56.83,-69.44842901987181,-43.11757970558343,30.62717904252123
56.84,-68.3766989430453,-42.911429300146814,29.896050413872416
56.85,-67.31228540846942,-42.695349779386596,29.1727857400963
56.86,-66.25541946677214,-42.46948454447948,28.457645524253923
56.870000000000005,-65.20631435261951,-42.233980780229736,27.750872631027768
56.88,-64.1651655337386,-41.98898907450688,27.05269234220274
56.89,-63.13215083073135,-41.73466304136421,26.36331248521348
56.9,-62.10743060690789,-41.47115895088356,25.682923632452912
56.910000000000004,-61.09114802433716,-41.19863536787378,25.01169936691039
56.92,-60.08342936030528,-40.91725280081365,24.349796608332976
56.93,-59.084384378233125,-40.62717336225384,23.697355993970003
56.94,-58.09410674708971,-40.32856044172929,23.054502307938556
56.95,-57.112674503346724,-40.02157839205978,22.42134495326466
56.96,-56.14015054963904,-39.70639222976084,21.797978460767784
56.97,-55.17658318443381,-39.38316735012602,21.18448302910109
56.980000000000004,-54.222006657242176,-39.05206925740288,20.580925090482705
56.99,-53.27644174413608,-38.71326331034122,19.98735789688884
57.0,-52.33989633985183,-38.36691448361659,19.403822122585023
57.01,-51.41236606812145,-38.013187147108155,18.830346482496328
57.02,-50.49383487376635,-37.652244853690945,18.26694834074352
57.03,-49.58427563720266,-37.284250147685064,17.713634335182824
57.04,-48.6836507857301,-36.90936438797002,17.17040099954522
57.050000000000004,-47.79191289823697,-36.52774758527332,16.637235379878742
57.06,-46.909005302463825,-36.13955825381679,16.114115643750896
57.07,-46.03486266221083,-35.74495327687431,15.601011679605456
57.08,-45.16941155221497,-35.34408778575722,15.09788568400228
57.09,-44.31257101871161,-34.937115051698626,14.604692734765841
57.1,-43.46425312400743,-34.52418639008691,14.121381348373824
57.11,-42.62436347365101,-34.105451076470324,13.647894020183976
57.120000000000005,-41.79280172506896,-33.68105627375084,13.184167746369614
57.13,-40.96946207675686,-33.2511469699695,12.730134526663495
57.14,-40.15423373733644,-32.81586592608291,12.285721847231653
57.15,-39.34700137462913,-32.37535363344922,11.850853143567347
57.160000000000004,-38.547645552447655,-31.929748284535833,11.425448247659503
57.17,-37.756043123011914,-31.47918574043852,11.009423800884566
57.18,-36.972067613874444,-31.02379951331173,10.602693655329793
57.19,-36.19558959551019,-30.563720756869404,10.205169255338793
57.2,-35.4264770252083,-30.09907826200715,9.816759996939702
57.21,-34.664595570652715,-29.629998458503685,9.437373567280387
57.22,-33.909808913609304,-29.15660542230584,9.066916264501922
57.230000000000004,-33.16197903422575,-28.679020887935206,8.705293298560504
57.24,-32.42096647649162,-28.197364265567316,8.352409073557316
57.25,-31.68663059545288,-27.711752662357707,8.008167452182567
57.26,-30.958829786825824,-27.22230090762117,7.672472002923186
57.27,-30.237421699663713,-26.729121581482083,7.34522623070185
57.28,-29.522263432763527,-26.232325046645773,7.0263337916413455
57.29,-28.813211715497392,-25.732019482953547,6.715698692653627
57.300000000000004,-28.110123073970612,-25.228310924552453,6.413225476654991
57.31,-27.412853990716112,-24.721303304701053,6.118819397466588
57.32,-26.721261033241095,-24.211098490374212,5.832386573517536
57.33,-26.035200977921207,-23.697796323798784,5.5538341331677845
57.34,-25.354530927053474,-23.181494669221575,5.283070350678631
57.35,-24.679108410818852,-22.662289458433097,5.020004769499953
57.36,-24.008791478421237,-22.140274737326386,4.7645483152058965
57.370000000000005,-23.343438779034,-21.615542713320185,4.516613398715539
57.38,-22.682909633150846,-21.088183803481176,4.276114010408642
57.39,-22.027064094915882,-20.55828668319438,4.042965805725179
57.4,-21.375763005998323,-20.025938335255276,3.8170861828193394
57.410000000000004,-20.728868041537353,-19.491224099256904,3.598394352809258
57.42,-20.08624174867234,-18.95422772116813,3.38681140314488
57.43,-19.44774757813666,-18.415031402999812,3.182260354588163
57.44,-18.813249909386784,-17.873715852480093,2.9846662122817365
57.45,-18.18261406727259,-17.330360330577694,2.793956010596417
57.46,-17.555706352941186,-16.78504271594094,2.6100588590838214
57.47,-16.93239402833486,-16.23783953403318,2.4329059707352783
57.480000000000004,-16.312545328056462,-15.688826013222208,2.262430696470319
57.49,-15.696029458983881,-15.138076134110035,2.0985685531325413
57.5,-15.082716595050343,-14.585662677970321,1.941257247717837
57.51,-14.472477868171685,-14.031657274832046,1.7904366983694266
57.52,-13.865185355605316,-13.476130451178738,1.646049052437819
57.53,-13.260712064019584,-12.919151677248696,1.5080387018884136
57.54,-12.658931910523,-12.360789413915604,1.376352296318653
57.550000000000004,-12.059719700901356,-11.801111159147165,1.2509387538330954
57.56,-11.462951105283153,-11.240183494032477,1.131749270005468
57.57,-10.86850263143894,-10.678072128372513,1.0187373251414387
57.58,-10.27625159591838,-10.11484194584271,0.9118586900433739
57.59,-9.68607609320055,-9.550557048725773,0.8110714304610384
57.6,-9.097854963032782,-8.985280802226875,0.7163359104010951
57.61,-8.511467763027367,-8.419075885062428,0.6276147954894984
57.620000000000005,-7.926794729929446,-7.852004330293324,0.5448730537059543
57.63,-7.343716731221356,-7.284127557585919,0.46807795451816997
57.64,-6.762115234297201,-6.71550642325053,0.39719907036791696
57.65,-6.181872266975806,-6.146201262712657,0.3322082764085685
57.660000000000004,-5.6028703769764,-5.576271932626379,0.2730797498765059
57.67,-5.024992590495514,-5.005777852683264,0.21978996919539792
57.68,-4.448122369976914,-4.4347780471325,0.17231771289731274
57.69,-3.8721435711751564,-3.863331186043596,0.13064405843737784
57.7,-3.2969403995931796,-3.291495626329332,0.09475238096876237
57.71,-2.7223973663811294,-2.719329452558901,0.0646283521377328
57.72,-2.148399243767907,-2.1468905175804394,0.0402599389498847
57.730000000000004,-1.5748310201076876,-1.5742364829870419,0.021637402752005843
57.74,-1.0015778546090632,-1.001424859449455,0.008753298365846826
57.75,-0.4285250318120303,-0.4285130469390467,0.0016024734031990578
57.76,0.1444420841125542,0.14444162512359746,0.00018206778491604745
57.77,0.7174380951821664,0.7173818577731762,0.0044915134791566665
57.78,1.290577615471039,1.2902503424243736,0.01453253446755623
57.79,1.8639753169702609,1.8629897207952728,0.03030914694121514
57.800000000000004,2.437745975367586,2.4355425447937056,0.05182765972152433
57.81,3.0120045144078187,3.007851235069577,0.0790966748275555
57.82,3.586866033828174,3.5798580233670463,0.11212708716145312
57.83,4.1624458813869,4.151504938997331,0.15093208651623957
57.84,4.738859694215614,4.722733764855714,0.19552715883123079
57.85,5.316223437593547,5.293485991152295,0.2459300871428452
57.86,5.894653448751376,5.863702774459447,0.3021609528132523
57.870000000000005,6.4742664800893275,6.433324896530493,0.3642421367476252
57.88,7.055179741728253,7.00229272286848,0.4321983205367874
57.89,7.637510943307421,7.570546161024799,0.506056487454079
57.9,8.221378334925493,8.1380246185971,0.5858459232253017
57.910000000000004,8.806900747129319,8.704666960911245,0.6715982164831892
57.92,9.394197629836642,9.270411468361983,0.7633472588071152
57.93,9.983389090082916,9.835195793399851,0.8611292442405012
57.94,10.574595928459129,10.398956917138799,0.9649826681659042
57.95,11.167939674113589,10.961631105575446,1.0749483254091257
57.96,11.763542618169248,11.523153865401548,1.1910693074305057
57.97,12.361527845409555,12.083459899404716,1.3133909984516872
57.980000000000004,12.962019264059808,12.642483061440824,1.441961070350874
57.99,13.565141633490985,13.200156310975531,1.5768294761484691
58.0,14.171020589660156,13.756411667195144,1.7180484418914437
58.01,14.779782668076392,14.311180162679332,1.8656724567275491
58.02,15.391555329386554,14.86439180153966,2.0197582620917958
58.03,16.00646698454673,15.415975519276316,2.1803648393856965
58.04,16.624646984793237,15.965859112752392,2.347553388106776
58.050000000000004,17.246225643533336,16.513969202583723,2.521387308543981
58.06,17.871334244420677,17.060231185712304,2.701932179382929
58.07,18.50010504448805,17.60456918677369,2.889255731722872
58.08,19.132671272943625,18.146906009151483,3.0834278193689943
58.09,19.769167125296946,18.687163085764855,3.2845203850521045
58.1,20.409727752447687,19.225260429631305,3.492607422203083
58.11,21.054489244361346,19.761116584265324,3.707764931891466
58.120000000000005,21.70358860791789,20.294648573968292,3.9300708745102
58.13,22.357163738509346,20.825771854084792,4.159605115769544
58.14,23.015353384939484,21.35440026130981,4.396449366540197
58.15,23.67829710714204,21.880445964131223,4.640687116057509
58.160000000000004,24.34613522622662,22.403819413515897,4.892403557980522
58.17,25.01900876632476,22.924429293949345,5.151685508771217
58.18,25.6970593876981,23.442182474961523,5.41862131784072
58.19,26.38042931053088,23.95698396327171,5.6933007688797606
58.2,27.06926122882329,24.468736855712752,5.9758149717746285
58.21,27.763698213767643,24.977342293099863,6.266256244483451
58.22,28.463883606055603,25.482699415293922,6.564717984257586
58.230000000000004,29.169960912518565,25.984705330512423,6.871294533060658
58.24,29.882073659308983,26.483255060995482,7.186081020663378
58.25,30.60036523608364,26.978241494254224,7.50917319603295
58.26,31.324978747444383,27.4695553532629,7.8406672525519445
58.27,32.056056839529596,27.9570851605969,8.180659635685531
58.28,32.79374151137874,28.440717205201086,8.529246835823814
58.29,33.53817391038167,28.920335512114654,8.886525165596495
58.300000000000004,34.28949411111487,29.395821815488603,9.252590520957387
58.31,35.04784087689673,29.867055535264633,9.627538125358626
58.32,35.81335140341714,30.333913757906384,10.011462256357737
58.33,36.58616104381335,30.796271221588107,10.404455954025215
58.34,37.366403014623415,31.25400030628045,10.80661071057025
58.35,38.15420808208552,31.70697102918647,11.218016140646686
58.36,38.94970422832919,32.15505104601257,11.638759631872057
58.370000000000005,39.75301629706143,32.59810565856882,12.068925975158637
58.38,40.56426561845511,33.03599782922316,12.508596974552667
58.39,41.38356961305164,33.46858820275216,12.957851036382623
58.4,42.21104137459397,33.895735136139464,13.416762737628892
58.410000000000004,43.046789231862064,34.31729473689899,13.885402373574518
58.42,43.89091628972193,34.73312091050236,14.363835484942596
58.43,44.74351995119555,35.14306541865204,14.85212236542448
58.44,45.60469142701142,35.546977953759466,15.350317552399714
58.45,46.474515201538686,35.94470620432384,15.858469289870806
58.46,47.353068501057,36.33609594836563,16.376618980952088
58.47,48.24042074279629,36.72099115686174,16.90480062302279
58.480000000000004,49.136632966908934,37.09923410827708,17.443040227239408
58.49,50.04175725508857,37.470665516266386,17.991355224912976
58.5,50.95583613797135,37.83512467105619,18.549753862877647
58.51,51.87890199375492,38.19244959496872,19.118234590283738
58.52,52.81097644082238,38.542477212509546,19.696785439591483
58.53,53.752069727479494,38.88504353537439,20.285383404870142
58.54,54.70218012227633,39.21998386266842,20.883993820862862
58.550000000000004,55.661293308707236,39.54713299654301,21.492569746609515
58.56,56.62938178844385,39.86632547337205,22.11105135777346
58.57,57.60640429758931,40.177395810488115,22.739365352151818
58.58,58.5923052407402,40.480178768380526,23.377424373154494
58.59,59.58701414796258,40.77450962814309,24.02512645634778
58.6,60.59044516003418,41.06022448382003,24.682354504412046
58.61,61.60249654755373,41.33716054916227,25.348975796104227
58.620000000000005,62.62305026967639,41.6051564781484,26.024841534983086
58.63,63.651971578383005,41.86405269847179,26.709786443797032
58.64,64.68910867507722,42.113691758571534,27.403628410621348
58.65,65.73429242392793,42.3539186844182,28.106168192495282
58.660000000000004,66.78733612625845,42.584581341316415,28.81718918218158
58.67,67.84803536749325,42.805530810192735,29.536457244600857
58.68,68.91616793742497,43.01662176812882,30.26372062776027
58.69,69.99149383012085,43.2177128734776,30.99870995344868
58.7,71.07375532819404,43.40866715366147,31.74113829238778
58.71,72.16267717557069,43.58935239354709,32.49070132796806
58.72,73.25796684226813,43.75964152216587,33.24707761207584
58.730000000000004,74.35931488393955,43.919412995432864,34.00992891576662
58.74,75.46639539814322,44.06855117242958,34.77890067673563
58.75,76.57886657839444,44.20694668274818,35.553622544636454
58.76,77.69637136606674,44.33449678234951,36.33370902431443
58.77,78.81853819921034,44.45110569537774,37.118760216013975
58.78,79.94498185626624,44.55668493938858,37.908362650536176
58.79,81.07530439158366,44.651153631497934,38.70209021624599
58.800000000000004,82.20909615852229,44.73443877303648,39.49950517371022
58.81,83.34593691485826,44.806475510410664,40.30015925267835
58.82,84.48539700416265,44.86720737001572,41.103594825068214
58.83,85.62703860580332,44.91658646522152,41.90934614660715
58.84,86.77041704555573,44.95457367388873,42.71694065903052
58.85,87.91508216405727,44.98113879139971,43.52590034807431
58.86,89.06057971069481,44.99626063502945,44.3357431323969
58.870000000000005,90.20645277737681,44.99992712323097,45.145984289096376
58.88,91.35224325612474,44.99213532436559,45.95613790202446
58.89,92.49749330291912,44.972891467821704,46.76571831738208
58.9,93.64174679951014,44.942210920379786,47.57424159728103
58.910000000000004,94.78455080199551,44.90011812803636,48.38122696006696
58.92,95.92545696513696,44.8466465238073,49.186198196372374
58.93,97.06402293175445,44.78183840233188,49.98868505023063
58.94,98.19981367700262,44.70574476238613,50.78822455505542
58.95,99.33240279799496,44.618425118683795,51.58436231494246
58.96,100.46137373997198,44.51994728459111,52.376653722488115
58.97,101.5863209510955,44.410387127605105,53.164665105198026
58.980000000000004,102.70685095886934,44.289828299640995,53.9479747934863
58.99,103.82258336222989,44.15836194433988,54.72617410430122
59.0,104.93315173441204,44.01608638373979,55.49886823547651
59.01,106.03820443276847,43.86310678675839,56.265677066985404
59.02,107.13740531284435,43.699534822000786,57.026235866391374
59.03,108.23043434507532,43.5254882974457,57.78019589686085
59.04,109.31698813355085,43.34109078956517,58.527224927171844
59.050000000000004,110.39678033846151,43.146471265897006,59.26700764539311
59.06,111.46954200432542,42.94176370471816,59.9992459786151
59.07,112.53502178297948,42.727106697346784,60.72365930673703
59.08,113.59298607745941,42.50264306371366,61.439984597209914
59.09,114.64321909591295,42.2685194659476,62.14797644981897
59.1,115.6855228222288,42.024886024699974,62.84740705807573
59.11,116.71971690879528,41.77189594077828,63.53806609263584
59.120000000000005,117.74563849663654,41.50970512383979,64.21976051199
59.13,118.76314196850592,41.23847182972671,64.89231430600012
59.14,119.7720986407369,40.95835630785439,65.55556817807359
59.15,120.77239639976331,40.66952045989837,66.20937917188627
59.160000000000004,121.76393928929642,40.37212751084923,66.8536202486331
59.17,122.7466470541037,40.066341693342714,67.48817982074752
59.18,123.72045464626132,39.75232794600371,68.11296124795304
59.19,124.68531169957912,39.430251626395425,68.72788230134442
59.2,125.64118197772096,39.10027823900883,69.33287460101143
59.21,126.58804280128068,38.76257317859502,69.92788303246297
59.22,127.52588445881653,38.41730148900717,70.51286514684385
59.230000000000004,128.4547096065184,38.06462763760881,71.08779054961727
59.24,129.37453266087735,37.70471530518996,71.6526402820743
59.25,130.28537918838927,37.33772719123546,72.20740619969287
59.26,131.18728529845643,36.96382483953893,72.75209035595168
59.27,132.08029703577785,36.58316847009539,73.28670438195219
59.28,132.964469778592,36.19591682168472,73.81126886935648
59.29,133.83986765258723,35.80222702070483,74.32581277440097
59.300000000000004,134.7065629541085,35.40225445826797,74.83037282877427
59.31,135.56463558740774,34.99615268027179,75.32499296431475
59.32,136.414172517668,34.58407328989781,75.80972375325003
59.33,137.2552672412324,34.1661658619721,76.28462186540708
59.34,138.08801927422738,33.74257786859786,76.74974954357046
59.35,138.91253366051134,33.31345461546915,77.20517409791586
59.36,139.728920499672,32.878939188263246,77.65096742022934
59.370000000000005,140.53729449557247,32.43917240852226,78.08720551841
59.38,141.33777452577672,31.9942927984312,78.51396807157562
59.39,142.1304832320196,31.544436553910284,78.93133800592632
59.4,142.91554663172303,31.08973752546029,79.33940109136402
59.410000000000004,143.69309375044864,30.63032720620481,79.73824555874513
59.42,144.46325627504802,30.166334726599487,80.12796173752237
59.43,145.22616822718834,29.697886855288992,80.50864171343974
59.44,145.98196565682602,29.22510800562484,80.88037900585056
59.45,146.7307863551524,28.7481202473674,81.24326826416737
59.46,147.47276958645782,28.267043323126995,81.59740498288602
59.47,148.20805583833135,27.781994669112464,81.94288523458542
59.480000000000004,148.93678658955497,27.293089439790695,82.27980542025841
59.49,149.65910409509078,26.800440536373586,82.60826203665225
59.5,150.37515118902925,26.304158649320694,82.92835147207515
59.51,151.08507109835463,25.80435227762139,83.24016978755637
59.52,151.78900727511294,25.30112776395106,83.54381252783773
59.53,152.48710324363063,24.794589338906334,83.83937455411679
59.54,153.17950246028093,24.284839161920534,84.12694988388816
59.550000000000004,153.86634818613504,23.771977363891743,84.4066315432372
59.56,154.54778337182756,23.25610209128811,84.67851143090209
59.57,155.22395055397902,22.737309551513505,84.94268019343427
59.58,155.89499176252292,22.215694059343985,85.19922711079907
59.59,156.56104843832023,21.69134808424944,85.44823999178405
59.6,157.22226136045109,21.16436229844067,85.6898050785977
59.61,157.87877058260904,20.63482562548645,85.92400696006807
59.620000000000005,158.53071537802924,20.10282528937243,86.15092849286738
59.63,159.1782341924177,19.568446863875867,86.37065073021664
59.64,159.8214646043739,19.031774322142983,86.58325285754837
59.65,160.4605432928071,18.492890086377407,86.78881213462356
59.660000000000004,161.09560601088984,17.951875077545917,86.98740384362982
59.67,161.72678756609906,17.40880876502816,87.17910124280533
59.68,162.35422180593417,16.86376921613593,87.36397552516192
59.69,162.97804160890516,16.316833145449706,87.54209578189658
59.7,163.59837888042372,15.768075963914615,87.71352897010948
59.71,164.21536455323812,15.217571827656116,87.87833988446341
59.72,164.82912859208588,14.665393686471809,88.03659113244414
59.730000000000004,165.4398000021687,14.111613332832272,88.18834311444613
59.74,166.04750684040934,13.556301456155822,88.33365401717442
59.75,166.65237623158936,12.999527678061963,88.47257977612054
59.76,167.25453438705574,12.441360602494889,88.60517406774962
59.77,167.85410662598244,11.881867863984295,88.73148830141851
59.78,168.45121739932617,11.32111617376022,88.8515716101493
59.79,169.04599031617565,10.75917136543333,88.96547084313248
59.800000000000004,169.63854817228898,10.196098440249386,89.07323055975645
59.81,170.22901298063778,9.631961611918358,89.17489302497711
59.82,170.8175060037907,9.066824351021662,89.27049820585447
59.83,171.40414778796773,8.500749429014743,89.36008376909388
59.84,171.9890581986223,7.933798961830654,89.44368507944515
59.85,172.57235645740744,7.366034453103558,89.52133519882146
59.86,173.15416118040184,6.7975168370218215,89.59306488601413
59.870000000000005,173.73459041746773,6.228306520836172,89.6589025968865
59.88,174.31376169263004,5.658463427038723,89.71887448494337
59.89,174.89179204537515,5.088047035229953,89.77300440218067
59.9,175.46879807276247,4.517116423703407,89.82131390012893
59.910000000000004,176.04489597226134,3.9457303107647586,89.86382223101393
59.92,176.62020158522157,3.3739470958141977,89.9005463489655
59.93,177.19483044090052,2.8018249002106264,89.93150091121471
59.94,177.76889780096053,2.229421607951459,89.9566982792258
59.95,178.34251870436785,1.6567949061878342,89.97614851971865
59.96,178.91580801261662,1.084002325606995,89.98985940554373
59.97,179.48888045386147,0.5111012821275721,89.99783642037028
59.980000000000004,-179.93814933479354,-0.061850879940191644,90.00008276788827
59.99,-179.36516675364135,-0.6347968563469614,89.99659934825347
