Time,EulerAngle1,EulerAngle2,EulerAngle3
30.0,-88.79239173166579,-44.993685399197524,44.14612288776436
30.01,-87.6470482875966,-44.975884484273884,43.33644438324834
30.02,-86.50264389617435,-44.94664445631324,42.527762081978196
30.03,-85.35963197642545,-44.905988618540896,41.72055723828155
30.04,-84.21846152626577,-44.85394927431671,40.91530671087172
30.05,-83.07957573517926,-44.79056760951215,40.11248158146642
30.060000000000002,-81.94341065278587,-44.71589354889633,39.312545824940344
30.07,-80.81039384364253,-44.62998554690737,38.515954988372876
30.080000000000002,-79.68094317201428,-44.532910383942045,37.723154978044484
30.09,-78.55546564080106,-44.424742926788355,36.93458090572434
30.1,-77.43435630484319,-44.30556586197309,36.1506560104103
30.11,-76.31799726786936,-44.175469405843224,35.37179066375136
30.12,-75.20675676811081,-44.03455099370925,34.59838146418491
30.13,-74.10098835654175,-43.882914950487226,33.830810423749384
30.14,-73.00103017058127,-43.72067214534619,33.06944425041614
30.150000000000002,-71.90720430502896,-43.54793963291104,32.314633727713534
30.16,-70.81981628092441,-43.36484028357849,31.566713192341286
30.17,-69.73915461202104,-43.171502405484006,30.82600010946849
30.18,-68.66549046760953,-42.9680593606107,30.092794744454988
30.19,-67.5990774295315,-42.754649177454944,29.367379928843626
30.2,-66.54015134044516,-42.53141416257068,28.65002091768706
30.21,-65.48893023967089,-42.29850051319501,27.940965334545155
30.22,-64.44561438235269,-42.05605793302832,27.240443199890617
30.23,-63.41038633712953,-41.80423925309211,26.548667038125462
30.240000000000002,-62.38341115711316,-41.54320005943495,25.865832058006394
30.25,-61.36483661862384,-41.27309832928865,25.192116400938946
30.26,-60.35479352191744,-40.99409407711003,24.527681451377568
30.27,-59.35339604799352,-40.70634901177317,23.87267220342587
30.28,-58.360742165501414,-40.410026206003245,23.22721767766241
30.29,-57.37691414448259,-40.105289791530346,22.591431425649034
30.3,-56.40197882938576,-39.792304634369856,21.965411870360875
30.310000000000002,-55.43598847965981,-39.471236061077256,21.349243078964882
30.32,-54.47898108448028,-39.14224957227508,20.742995146380405
30.330000000000002,-53.53098100280654,-38.805510590430764,20.146724827480867
30.34,-52.591999550562036,-38.46118421674762,19.560476135065286
30.35,-51.66203559974961,-38.109435003616774,18.984280949932405
30.36,-50.74107618510676,-37.750426742590946,18.418159638665035
30.37,-49.829097114221156,-37.38432226773463,17.86212167505497
30.38,-48.926063577390444,-37.011283274125105,17.316166261455603
30.39,-48.0319307538365,-36.63147015119389,16.780282946682814
30.400000000000002,-47.14664441124763,-36.2450418305396,16.25445223744061
30.41,-46.270141495941594,-35.85215564777886,15.738646200574571
30.42,-45.4023507112805,-35.45296721795926,15.232829053789878
30.43,-44.543193082282755,-35.047630324020396,14.736957742785105
30.44,-43.69258250466571,-34.63629681775326,14.250982503045703
30.45,-42.85042627685137,-34.21911653269397,13.774847404833453
30.46,-42.01662561371357,-33.796237208363195,13.308490880161429
30.47,-41.19107614110815,-33.3678044252623,12.851846230800106
30.48,-40.373668370435475,-32.93396155002422,12.404842116575585
30.490000000000002,-39.56428815270878,-32.49484969012761,11.96740302343759
30.5,-38.76281711177298,-32.05060765757996,11.539449710953187
30.51,-37.96913305649684,-31.601371940989985,11.120899639056159
30.52,-37.18311037204071,-31.14727668555943,10.71166737408207
30.53,-36.40462040063619,-30.688453688271323,10.311664978149249
30.54,-35.63353177895369,-30.22503238284346,9.920802369243416
30.55,-34.869710762835375,-29.757139836508518,9.538987664446946
30.560000000000002,-34.11302154227371,-29.284900760299063,9.166127507385697
30.57,-33.3633265309065,-28.808437520129388,8.80212737414523
30.580000000000002,-32.620486636519,-28.327870152669814,8.446891860537777
30.59,-31.884361513142377,-27.843316385585688,8.10032495131793
30.6,-31.15480979536862,-27.35489166173101,7.762330271979608
30.61,-30.431689315545306,-26.862709166918993,7.432811323803478
30.62,-29.714857304518674,-26.36687986090383,7.111671702837333
30.63,-29.004170576623764,-25.86751251124155,6.798815303513797
30.64,-28.29948569961103,-25.364713729708686,6.494146507609381
30.650000000000002,-27.60065915021681,-24.85858801098995,6.197570359258025
30.66,-26.907547456067128,-24.34923777335687,5.908992726722585
30.67,-26.220007324605866,-23.836763401085594,5.628320451624265
30.68,-25.537895759726723,-23.321263288381253,5.355461486318612
30.69,-24.861070166792338,-22.802833884609843,5.090325020098074
30.7,-24.189388447842802,-22.281569741588548,4.832821595260785
30.71,-23.522709083735087,-21.757563559595233,4.5828632123667346
30.72,-22.860891207758193,-21.23090623508318,4.340363426675027
30.73,-22.20379467093466,-20.70168690969616,4.105237436187329
30.740000000000002,-21.55128009813356,-20.169993019268517,3.87740216139288
30.75,-20.90320893611347,-19.63591034315297,3.6567763174644
30.76,-20.25944349401338,-19.0995230537662,3.4432804794325884
30.77,-19.619846976786352,-18.560913766254217,3.2368371408430607
30.78,-18.98428351203876,-18.020163588183433,3.0373707663731295
30.79,-18.35261817072743,-17.47735216918432,2.8448078388666618
30.8,-17.724716982129607,-16.932557750471798,2.6590769012172912
30.810000000000002,-17.10044694349249,-16.38585721418737,2.480108593512081
30.82,-16.47967602473406,-15.837326132505343,2.3078356858215145
30.830000000000002,-15.862273168553958,-15.287038816459683,2.142193107002556
30.84,-15.248108286291894,-14.735068364455138,1.9831179698603152
30.85,-14.637052249843933,-14.181486710425704,1.8305495929915416
30.86,-14.028976880346711,-13.626364671995505,1.684429519708276
30.87,-13.423754944924577,-13.069772008857324,1.5447015366850354
30.88,-12.82126012266912,-12.511777455325685,1.4113116837984843
30.89,-12.221366982630773,-11.952448765868304,1.2842082655210283
30.900000000000002,-11.623950965152934,-11.391852765825885,1.1633418615346076
30.91,-11.028888355801742,-10.830055397132513,1.0486653344274313
30.92,-10.436056257079077,-10.267121763604434,0.9401338358389512
30.93,-9.845332558106591,-9.703116175802656,0.8377048112424793
30.94,-9.256595902449106,-9.138102195471202,0.7413380035399
30.95,-8.669725654245344,-8.57214267956621,0.6509954556320148
30.96,-8.084601862790135,-8.005299823881238,0.5666415121133822
30.970000000000002,-7.5011052257148405,-7.437635206288607,0.48824282023091
30.98,-6.919117050891898,-6.8692098296076365,0.41576833023238047
30.990000000000002,-6.3385192171876135,-6.300084164119103,0.34918929522159314
31.0,-5.759194134179399,-5.73031818974714,0.2884792706264901
31.01,-5.181024700938876,-5.1599714379238835,0.2336141133761015
31.02,-4.603894263987139,-4.5891030331649345,0.18457198087422194
31.03,-4.027686575102221,-4.017771734960504,0.14133332988949104
31.04,-3.4522857598716956,-3.446035990759594,0.1038809160461637
31.05,-2.877576256880373,-2.873953960162361,0.07219979113363918
31.060000000000002,-2.3034427737138627,-2.3015835559810784,0.046277302201810575
31.07,-1.7297702464692999,-1.7289824890681067,0.026103090851631167
31.080000000000002,-1.1564437945750756,-1.156208308690374,0.011669092314773196
31.09,-0.5833486753460011,-0.5833184427918408,0.002969534706907364
31.1,-0.01037023833608735,-0.010370238166227726,9.384787642123846e-07
31.11,0.562606120438997,0.5625789994259751,0.002762116082498318
31.12,1.1356950043517007,1.135471965174922,0.011254171863772514
31.13,1.70901106201398,1.708251315138799,0.02548050218331478
31.14,2.2826690330727866,2.280859626139793,0.04544679576491822
31.150000000000002,2.8567837938788005,2.8532393556044915,0.07116103425994212
31.16,3.4314704029679612,3.425332801326147,0.10263349301170487
31.17,4.006844146286694,3.9970820611193667,0.13987674199614233
31.18,4.583020582089657,4.568428992338139,0.18290564690789693
31.19,5.160115585443367,5.13931517123565,0.23173737035428324
31.2,5.738245391252683,5.709681851146269,0.2863913730134106
31.21,6.3175266229992495,6.279469906976041,0.34688941326963063
31.220000000000002,6.898076357398306,6.848619815539469,0.41325555023417443
31.23,7.4800121642602635,7.417071611747009,0.4855161448507191
31.240000000000002,8.063452143045069,7.984764842111651,0.5636998603339911
31.25,8.648514963164898,8.551638522560935,0.6478376627326446
31.26,9.235319903263228,9.117631095923299,0.7379628211089438
31.27,9.823986889350076,9.682680389063314,0.8341109072289666
31.28,10.414636531678365,10.246723569654785,0.9363197946487511
31.29,11.007390160224235,10.809697102569414,1.0446296570691531
31.3,11.60236985863812,11.371536705873662,1.1590829658231456
31.310000000000002,12.199698496510107,11.932177306415886,1.2797244863453037
31.32,12.799499759793838,12.49155299499949,1.4066012734629436
31.330000000000002,13.401898179214315,13.049596981133405,1.5397626653341259
31.34,14.007019156472449,13.606241547354191,1.6792602758439577
31.35,14.614988988053387,14.161418003124128,1.825147985257949
31.36,15.22593488641969,14.715056638302103,1.9774819289135532
31.37,15.839984996930626,15.267086674903963,2.136320483355225
31.38,16.457268397182926,15.81743620554654,2.3017242461761587
31.39,17.07791513377075,16.366032168344198,2.473756023329897
31.400000000000002,17.702056226493184,16.912800294944486,2.652480806659599
31.41,18.329823668228688,17.457665058011102,2.8379657478019835
31.42,18.96135042498818,18.000549622400612,3.030280129540307
31.43,19.59677043139466,18.541375796060567,3.2294953331841105
31.44,20.23621858123989,19.080063980699073,3.4356848016126897
31.45,20.87983071273476,19.6165331222724,3.6489239975937378
31.46,21.527743588062073,20.150700661357348,3.8692903569708696
31.470000000000002,22.180094866803923,20.682482483471876,4.096863236286436
31.48,22.83702307280536,21.211792869427516,4.331723854387022
31.490000000000002,23.498667554004893,21.738544445800507,4.573955227532959
31.5,24.16516843473871,22.262648135619365,4.8236420975093655
31.51,24.83666656000996,22.78401310938491,5.080870852215488
31.52,25.513303431177874,23.30254673654041,5.345729438180813
31.53,26.19522113251339,23.81815453753463,5.618307264438764
31.54,26.882562252325265,24.330740139894544,5.898695098831727
31.55,27.575469742361257,24.840205196276887,6.18698493429074
31.560000000000002,28.274086890804533,25.346449398771796,6.483269892866577
31.57,28.978557165147127,25.849370403257293,6.78764407323994
31.580000000000002,29.68902408883905,26.348863790859657,7.100202403897183
31.59,30.405631099883966,26.84482302721199,7.4210404818392774
31.6,31.128521395807137,27.33713942370254,7.750254398080834
31.61,31.85783776429257,27.82570210097999,8.08794054923012
31.62,32.59372239879867,28.31039795501486,8.434195434444765
31.63,33.33631669844716,28.79111162602629,8.789115437052015
31.64,34.0857610515032,29.2677254706164,9.152796590137097
31.650000000000002,34.84219460176202,29.740119537466345,9.525334325409457
31.66,35.60575499719296,30.208171546980214,9.906823204684327
31.67,36.376578120211654,30.67175687528024,10.297356633342334
31.68,37.1547977989893,31.13074854297981,10.69702655516782
31.69,37.940545499266165,31.585017209189253,11.105923128020404
31.7,38.733949996180975,32.03443117122289,11.524134379846343
31.71,39.53513702218502,32.4788563684058,11.951745842837852
31.720000000000002,40.344228874594016,32.91815638126376,12.388840157072906
31.73,41.16134406643858,33.35219247626552,12.835496685836135
31.740000000000002,41.986596904205776,33.78082362658068,13.291791084426325
31.75,42.82009705034954,34.203906545031906,13.757794850913463
31.76,43.66194907000193,34.62129572904862,14.233574858835949
31.77,44.51225195716951,35.032843515158525,14.719192869649708
31.78,45.37109864095239,35.438400143617606,15.21470502545491
31.79,46.23857547251018,35.83781383377097,15.720161322720756
31.8,47.114761693743645,36.230930870742995,16.235605067965338
31.810000000000002,47.99972888888559,36.61759570403661,16.76107231658077
31.82,48.89354042047531,36.9976510586144,17.296591296267298
31.830000000000002,49.7962508514619,37.37093805900684,17.84218181681579
31.84,50.70790535547943,37.737296366962944,18.39785466827591
31.85,51.628539117662434,38.09656433312557,18.963611009868302
31.86,52.55817672867814,38.44857916315866,19.539441752314552
31.87,53.49683157500965,38.79317709870599,20.125326936608325
31.88,54.44450522884603,39.130193613486085,20.72123511258138
31.89,55.40118684130286,39.4594636247595,21.327122720977542
31.900000000000002,56.36685254301904,39.78082172030961,21.942933483078413
31.91,57.341464853590445,40.09410239988295,22.56859780045177
31.92,58.324972087615606,40.39914032495688,23.20403215891577
31.93,59.31730784381988,40.69577060701593,23.849138592247883
31.94,60.318390473035,40.98382909216012,24.503804143463654
31.95,61.32812258216066,41.263152661953455,25.167900360687938
31.96,62.346390581565416,41.53357955029005,25.841282834532926
31.970000000000002,63.37306427640428,41.7949496734562,26.523790779527605
31.98,64.40799650781912,42.047104972471054,27.21524666555598
31.990000000000002,65.4510228499933,42.289889766617854,27.915455905270953
32.0,66.50196136897382,42.52315111690711,28.62420660339269
32.01,67.56061244904704,42.74673919804528,29.34126937366905
32.02,68.62675869220897,42.96050767730922,30.066397229036305
32.03,69.70016489595982,43.164314098564354,30.799325550203616
32.04,70.7805781142439,43.35802026950904,31.539772137473953
32.05,71.86772780581643,43.5414926500756,32.28743735008229
32.06,72.96132607373467,43.71460273979108,33.04200433673876
32.07,74.06106799894192,43.87722746177977,33.80313936034298
32.08,75.16663207013848,44.029249540996354,34.57049221905402
32.09,76.27768071122708,44.17055787419993,35.3436967650027
32.1,77.39386090669085,44.301047889133606,36.12237152099641
32.11,78.51480492900185,44.420621892426965,36.90612039765457
32.12,79.64013119996302,44.52918941816201,37.694533531521834
32.13,80.76944512921278,44.62666750752947,38.48718814073243
32.14,81.90234012919304,44.712981006379785,39.28364952583891
32.15,83.03839871017581,44.78806283770682,40.0834721524315
32.160000000000004,84.17719364174273,44.85185424377631,40.88620080424019
32.17,85.31828918496788,44.904305000843486,41.69137180697249
32.18,86.46124238729841,44.9453736046292,42.498514314873674
32.19,87.60560443125203,44.975027424948784,43.30715165112844
32.2,88.75092202733464,44.99324282813973,44.11680269249867
32.21,89.89673884093902,45.000005266204404,44.92698328795612
32.22,91.04259694252741,44.9953093318736,45.737207700604166
32.230000000000004,92.18803827003939,44.97915877909716,46.54699006182977
32.24,93.33260609231459,44.951566508778,47.3558458264681
32.25,94.4758464623049,44.91255451987724,48.16329321774755
32.26,95.6173096489746,44.86215382632884,48.9688546509131
32.27,96.7565515371199,44.80040434050486,49.772058124751005
32.28,97.89313498477146,44.72735472426417,50.57243857067626
32.29,99.02663112846217,44.643062208891266,51.36953914965659
32.3,100.15662062733588,44.547592385487775,52.16291248794842
32.31,101.28269484086913,44.44101896880081,52.95212184573654
32.32,102.40445695846866,44.32342354684666,53.73674223142127
32.33,103.52152296274168,44.19489527300084,54.516361368838375
32.34,104.63352256640322,44.0555305619154,55.290580623042295
32.35,105.7401000567083,43.9054327664063,56.0590158340278
32.36,106.84091503560435,43.74471183425283,56.82129804827692
32.37,107.93564306283538,43.5734839511843,57.57707415320017
32.38,109.02397620116061,43.39187117261122,58.3260074136254
32.39,110.10562346385025,43.2000010466453,59.06777791049509
32.4,111.18031116560509,42.99800623090444,59.80208288291014
32.410000000000004,112.2477831789137,42.786024105533706,60.52863697553317
32.42,113.3078010986946,42.564196384776814,61.24717239419187
32.43,114.36014431879387,42.33266872931852,61.95743897324542
32.44,115.4046100245169,42.091590361492365,62.65920415889202
32.45,116.44101310593226,41.8411136852986,63.35225291314678
32.46,117.46918599709919,41.58139391302522,64.03638754363887
32.47,118.48897844672861,41.312588700097784,64.71142746472866
32.480000000000004,119.50025722600682,41.034857789620176,65.3772088956734
32.49,120.50290577948662,40.74836266789386,66.0335845017384
32.5,121.49682382502276,40.453266232031105,66.68042298422299
32.51,122.4819269094529,40.14973247118338,67.31760862616926
32.52,123.45814593391547,39.83792616837207,67.94504080863437
32.53,124.4254266205525,39.518012597746434,68.56263346607739
32.54,125.38372896972659,39.19015725016218,69.1703145329658
32.55,126.33302669539086,38.85452557467949,69.76802536877229
32.56,127.27330663997644,38.51128273321216,70.35572016210553
32.57,128.20456817667798,38.16059337073895,70.93336532207424
32.58,129.12682260360125,37.80262140104579,71.50093886133752
32.59,130.0400925338772,37.43752980787496,72.05842977494495
32.6,130.94441128552495,37.06548046126181,72.6058374187399
32.61,131.83982227449843,36.68663394876048,73.14317089075148
32.62,132.7263784139898,36.30114942119952,73.67044841864706
32.63,133.60414152274652,35.90918445254056,74.1876967559907
32.64,134.4731817448135,35.510894913372496,74.69495058971538
32.65,135.33357698281168,35.10643485752588,75.1922519609087
32.660000000000004,136.18541234654222,34.69595642127072,75.67964970069958
32.67,137.02877961843834,34.279609734529615,76.15719888275726
32.68,137.86377673711866,33.85754284352117,76.62496029364766
32.69,138.69050730003298,33.429901644246605,77.08299992203446
32.7,139.50908008598216,32.99682982621796,77.53138846749502
32.71,140.31960859811676,32.55846882605664,77.97020086970609
32.72,141.12221062836295,32.1149577934448,78.39951586118666
32.730000000000004,141.9170078408747,31.666433556677607,78.81941553264687
32.74,142.70412537811836,31.213030601991193,79.22998492448703
32.75,143.48369148796237,30.754881060925086,79.63131163960725
32.76,144.25583717124954,30.292114703288526,80.02348547557646
32.77,145.0206958498401,29.824858936412955,80.40659807695452
32.78,145.77840305472466,29.353238810195517,80.7807426073612
32.79,146.5290961337474,28.8773770274506,81.14601344081892
32.8,147.27291397839775,28.397393959121057,81.50250587182299
32.81,148.00999676909865,27.91340766391149,81.85031584355494
32.82,148.7404857383636,27.425533911938015,82.18953969360318
32.83,149.4645229511792,26.93388621200323,82.52027391653512
32.84,150.18225110192927,26.438575842138995,82.84261494263095
32.85,150.893813327176,25.939711883073652,83.1566589320831
32.86,151.59935303360638,25.437401254301232,83.4625015839562
32.87,152.2990137404342,24.93174875246242,83.76023795919315
32.88,152.99293893556947,24.422857091754885,84.04996231696438
32.89,153.68127194485947,23.910826946121162,84.33176796365731
32.9,154.3641558137304,23.39575699297098,84.60574711381989
32.910000000000004,155.04173320061943,22.877743958411354,84.87199076267639
32.92,155.7141462825694,22.35688266704589,85.13058857486176
32.93,156.3815366680497,21.83326608373498,85.38162876868616
32.94,157.0440453219677,21.30698536172105,85.62519801868017
32.95,157.70181250016338,20.77812989247266,85.86138136872404
32.96,158.3549776920769,20.246787354640684,86.09026215116465
32.97,159.00367957156422,19.713043763358748,86.31192191356013
32.980000000000004,159.648055955333,19.176983519781388,86.52644035251902
32.99,160.2882437685065,18.63868946075532,86.73389525412897
33.0,160.9243790168484,18.098242908529457,86.93436244049354
33.01,161.55659676519002,17.55572372043067,87.12791572191506
33.02,162.18503112164305,17.01121033842811,87.31462685429
33.03,162.80981522718804,16.46477983852877,87.49456550130219
33.04,163.4310812502665,15.91650797994407,87.66779920102529
33.05,164.0489603860066,15.366469253989013,87.83439333656248
33.06,164.6635828597529,14.81473693266846,87.99441111037825
33.07,165.27507793457454,14.26138311692233,88.14791352199263
33.08,165.8835739224608,13.706478784496769,88.29495934873226
33.09,166.48919819891412,13.15009383742736,88.43560512924718
33.1,167.09207722068155,12.592297149114671,88.56990514952356
33.11,167.69233654637358,12.03315661106059,88.69791143131621
33.12,168.29010085945592,11.4727391811848,88.81967372685565
33.13,168.8854939940881,10.911110926684538,88.9352395047946
33.14,169.47863896323145,10.34833706937455,89.04465394370983
33.15,170.0696579886145,9.784482031483636,89.1479599289208
33.160000000000004,170.65867253262883,9.219609480179036,89.24519804873138
33.17,171.24580333194135,8.653782371679371,89.3364065917202
33.18,171.83117043267487,8.087062994963855,89.4216215449279
33.19,172.41489322700687,7.519513015098975,89.50087659280013
33.2,172.9970904910605,6.951193516191897,89.57420311675972
33.21,173.57788042395939,6.382165043992652,89.6416301952884
33.22,174.15738068793752,5.812487648157746,89.70318460441243
33.230000000000004,174.73570844938843,5.242220924203218,89.75889081849283
33.24,175.3129804207564,4.671424055165244,89.80877101123292
33.25,175.88931290317836,4.100155852987465,89.85284505682337
33.26,176.46482182978013,3.5284747996665855,89.89113053115385
33.27,177.03962280954832,2.9564390881745006,89.9236427130288
33.28,177.6138311716942,2.3841066631872856,89.95039458533248
33.29,178.18756201043962,1.8115352616407194,89.97139683609656
33.3,178.7609302301445,1.2387824531471554,89.98665785943028
33.31,179.3340505906784,0.6659056803308407,89.99618375639739
33.32,179.90703775182766,0.09296230024571665,89.99997833950212
33.33,-179.51999367970032,-0.47999037704521086,89.99804312819555
33.34,-178.94692910418556,-1.0528950485072093,89.99037734841157
33.35,-178.3736538835347,-1.6256943774902795,89.97697793414812
33.36,-177.80005329551494,-2.1983309535928357,89.957839527166
33.37,-177.22601248811122,-2.7707472524697905,89.93295447647151
33.38,-176.6514164340653,-3.342885595563744,89.90231283759898
33.39,-176.07614988566917,-3.9146881097268227,89.86590237171609
33.4,-175.50009732987516,-4.486096686712383,89.82370854458152
33.410000000000004,-174.9231429438029,-5.057052942502033,89.77571452539252
33.42,-174.34517055071365,-5.627498176445326,89.72190118556674
33.43,-173.7660635765272,-6.19737333019005,89.66224709751008
33.44,-173.18570500697197,-6.766618946370428,89.5967285334309
33.45,-172.603977345449,-7.3351751270355905,89.52531946426849
33.46,-172.0207625717082,-7.902981491790265,89.44799155881235
33.47,-171.43594210142845,-8.46997713563209,89.36471418309719
33.480000000000004,-170.84939674673572,-9.036100586528,89.27545440013598
33.49,-170.26100667725441,-9.601289763159516,89.18017696988579
33.5,-169.67065138418576,-10.165481930730651,89.07884435053366
33.51,-169.07820964441464,-10.728613657599919,88.9714166999385
33.52,-168.48355948620775,-11.290620771442793,88.85785187795597
33.53,-167.88657815674026,-11.851438314860287,88.73810544982734
33.54,-167.2871420914426,-12.411000500573557,88.61213069072492
33.55,-166.68512688534764,-12.969240666189432,88.47987859162838
33.56,-166.08040726661417,-13.526091228538832,88.34129786671677
33.57,-165.47285707242926,-14.081483637582174,88.19633496247862
33.58,-164.86234922749344,-14.635348329890295,88.04493406875308
33.59,-164.2487557253221,-15.187614681699419,87.88703713193647
33.6,-163.6319476126005,-15.738210961553882,87.72258387059978
33.61,-163.01179497684655,-16.287064282554788,87.55151179378207
33.62,-162.3881669376641,-16.834100554226676,87.37375622224366
33.63,-161.76093164187336,-17.379244434033478,87.18925031297938
33.64,-161.1299562628356,-17.922419278569723,86.99792508731406
33.65,-160.4951070049905,-18.4635470944067,86.79970946391964
33.660000000000004,-159.85624911459544,-19.002548488622534,86.59453029788273
33.67,-159.2132468893576,-19.53934261971221,86.3823124153033
33.68,-158.5659636997017,-20.073847147747863,86.16297866182798
33.69,-157.91426201475878,-20.605978184637767,85.93644995462006
33.7,-157.25800343459002,-21.13565024442996,85.70264533988887
33.71,-156.59704872938602,-21.662776193715693,85.46148205685037
33.72,-155.93125788612025,-22.187267202236956,85.21287560861505
33.730000000000004,-155.26049016317927,-22.709032693800093,84.95673984052863
33.74,-154.5846041534988,-23.22798029762076,84.69298702651038
33.75,-153.90345785676152,-23.744015800238024,84.42152796395646
33.76,-153.21690876124563,-24.25704309813941,84.1422720778037
33.77,-152.52481393592032,-24.76696415126584,83.85512753436471
33.78,-151.8270301334172,-25.273678937571287,83.56000136557151
33.79,-151.1234139045129,-25.777085408838172,83.25679960427705
33.8,-150.41382172479214,-26.277079447953987,82.94542743129004
33.81,-149.69811013415878,-26.77355482788603,82.62578933482466
33.82,-148.97613589014378,-27.26640317303005,82.29778928374803
33.83,-148.2477561353873,-27.755513922589593,81.96133091432998
33.84,-147.51282857910005,-28.24077429492524,81.61631772910118
33.85,-146.77121169527757,-28.72206925668499,81.26265331407224
33.86,-146.02276493688646,-29.199281494448435,80.90024157086407
33.87,-145.2673489670442,-29.672291389852102,80.52898696543194
33.88,-144.50482590785774,-30.140976998603385,80.14879479408556
33.89,-143.73505960755918,-30.605214033781014,79.75957146745054
33.9,-142.95791592652483,-31.06487585385207,79.36122481297075
33.910000000000004,-142.17326304273598,-31.519833455847078,78.95366439651467
33.92,-141.38097177716662,-31.969955474166355,78.5368018635821
33.93,-140.5809159395123,-32.41510818551288,78.11055130053721
33.94,-139.7729726946073,-32.855155520458084,77.67482961621847
33.95,-138.95702294975817,-33.28995908217876,77.2295569441675
33.96,-138.13295176312675,-33.719378172911156,76.77465706561411
33.97,-137.30064877314763,-34.14326982869357,76.31005785321611
33.980000000000004,-136.46000864883993,-34.56148886297051,75.83569173541696
33.99,-135.61093156276763,-34.973887920248885,75.35149618329363
34.0,-134.75332368081976,-35.38031753887282,74.85741421368077
34.01,-133.88709767024378,-35.78062622411572,74.35339491036639
34.02,-133.01217323008706,-36.1746605336567,73.839393967683
34.03,-132.12847763727837,-36.56226517441101,73.31537424937129
34.04,-131.23594630855493,-36.943283111762796,72.78130636306399
34.05,-130.33452337654126,-37.31755569174501,72.23716924869738
34.06,-129.42416227796724,-37.6849227766929,71.68295077884976
34.07,-128.50482635171824,-38.045222894852444,71.11864836870369
34.08,-127.57648944406867,-38.39829340438716,70.54426959299404
34.09,-126.63913651813552,-38.74397067216241,69.95983280698063
34.1,-125.69276426422981,-39.08209026762906,69.36536776813251
34.11,-124.73738170743552,-39.41248717205234,68.76091625486183
34.12,-123.77301080842197,-39.734996003239836,68.14653267831531
34.13,-122.7996870531327,-40.049451255834136,67.52228468287683
34.14,-121.81746002668922,-40.35568755712132,66.88825373072245
34.15,-120.82639396659467,-40.65353993823988,66.24453566552393
34.160000000000004,-119.82656829226582,-40.94284412189864,65.59124125231953
34.17,-118.81807809782627,-41.223436821424485,64.9284966803706
34.18,-117.80103461005994,-41.495156055433014,64.25644403123515
34.19,-116.77556560470882,-41.757841476677605,63.575241705019536
34.2,-115.7418157727703,-42.01133471270569,62.8850647964749
34.21,-114.69994703179714,-42.255479717873335,62.186105415973365
34.22,-113.65013877625724,-42.490123135487615,61.47857294943116
34.230000000000004,-112.59258806116537,-42.715114668670026,60.76269425139107
34.24,-111.52750971339195,-42.930307458368205,60.03871376567687
34.25,-110.4551363653612,-43.13555846677861,59.306893568339895
34.26,-109.37571840627646,-43.33072886427944,58.56751332803565
34.27,-108.28952384648326,-43.51568441783031,57.82087017945015
34.28,-107.19683809120107,-43.690295878655334,57.067278506009316
34.29,-106.0979636205263,-43.85443936691115,56.307069628782706
34.300000000000004,-104.99321957342073,-44.00799675093671,55.540591399296
34.31,-103.88294123424514,-44.150856018607485,54.768207694819246
34.32,-102.76747942176024,-44.28291163845518,53.99029781597107
34.33,-101.64719978376156,-44.40406490919319,53.20725578920225
34.34,-100.52248198665913,-44.51422428951944,52.41948956609791
34.35,-99.393718818791,-44.613305713042735,51.62742013500082
34.36,-98.26131520386433,-44.701232882517544,50.831480542754285
34.37,-97.12568712895448,-44.777937540846175,50.03211483112712
34.38,-95.98726049378259,-44.84335971700669,49.229776894481724
34.39,-94.84646988821024,-44.89744794485101,48.42492926562585
34.4,-93.70375730582063,-44.94015945291226,47.61804183772608
34.410000000000004,-92.55957080235179,-44.97146032358189,46.8095905310482
34.42,-91.41436310848378,-44.99132562026455,46.00005591403367
34.43,-90.26859020712158,-44.99973948138698,45.18992178886022
34.44,-89.12270988583975,-44.99669518042378,44.3796737521528
34.45,-87.9771802754805,-44.98219515140245,43.56979774184508
34.46,-86.83245838611869,-44.95625097965892,42.7607785814062
34.47,-85.68899865162143,-44.91888335792621,41.95309853266925
34.480000000000004,-84.54725149393578,-44.87012200815016,41.147235868394674
34.49,-83.40766191880354,-44.81000557024483,40.34366347597934
34.5,-82.27066815390653,-44.73858145913404,39.54284750306587
34.51,-81.136700329922,-44.65590568582449,38.745246048766646
34.52,-80.00617922916736,-44.56204265324514,37.951307919976166
34.53,-78.87951510064435,-44.457064922982305,37.16147145468257
34.54,-77.75710655032691,-44.34105295575385,36.37616342067356
34.550000000000004,-76.63933951344129,-44.214094827969966,35.59579799627292
34.56,-75.5265863140773,-44.07628592667294,34.82077583845337
34.57,-74.41920481638712,-43.92772862526339,34.05148324258868
34.58,-73.31753767055066,-43.76853194250486,33.28829139702443
34.59,-72.22191165556683,-43.59881118734578,32.53155573453511
34.6,-71.13263711988148,-43.41868759211888,31.781615381679952
34.61,-70.05000751981237,-43.228287936662724,31.038792706026733
34.62,-68.97429905478704,-43.0277441658746,30.303392960259163
34.63,-67.90577039747717,-42.81719300313247,29.575704021260126
34.64,-66.8446625161103,-42.596775561938145,28.85599622145366
34.65,-65.79119858548194,-42.36663695801842,28.144522268937553
34.660000000000004,-64.74558398402918,-42.12692592487208,27.441517253119756
34.67,-63.7080063700448,-41.877794433393426,26.747198729908035
34.68,-62.6786358277057,-41.61939731482147,26.06176687909082
34.69,-61.65762508918527,-41.35189189569882,25.385404734960098
34.7,-60.64510981819683,-41.07543764098697,24.71827847944939
34.71,-59.641208951254704,-40.79019580793889,24.06053779314098
34.72,-58.64602509075467,-40.49632911191501,23.41231625821931
34.730000000000004,-57.659644943916945,-40.1940014051199,22.773731807414293
34.74,-56.682139801677835,-39.88337736906679,22.14488721302871
34.75,-55.7135660517433,-39.564622221418695,21.525870610270726
34.76,-54.753965720217224,-39.23790143770843,20.91675604930565
34.77,-53.80336703641917,-38.90338048829113,20.31760407065132
34.78,-52.86178501578926,-38.56122459075441,19.7284622988181
34.79,-51.929222056053796,-38.21159847788245,19.14936604937688
34.800000000000004,-51.0056685421642,-37.854666181165676,18.5803389449695
34.81,-50.091103455836425,-37.490590829739695,18.02139353609716
34.82,-49.18549498586005,-37.11953446454602,17.472531922864576
34.83,-48.28880113751659,-36.741657868710945,16.93374637501465
34.84,-47.40097033307036,-36.357120410352664,16.40501994491649
34.85,-46.52194200296191,-35.966079899058315,15.886327071874152
34.86,-45.65164716935383,-35.56869245850105,15.377634177080852
34.87,-44.790009014928884,-35.1651124112026,14.878900244866788
34.88,-43.93694343659553,-34.75549217595517,14.39007738908126
34.89,-43.092359582552035,-34.33998217734297,13.91111140306461
34.9,-42.25616037141327,-33.918730766778786,13.441942291925383
34.910000000000004,-41.428242992375345,-33.49188415446938,12.982504786100998
34.92,-40.608499385608056,-33.05958635171041,12.532728835401738
34.93,-39.79681670227753,-32.62197912291137,12.092540082950595
34.94,-38.99307774380976,-32.17920194676358,11.66186031863307
34.95,-38.197161380159386,-31.731391985962144,11.240607911833424
34.96,-37.40894294701947,-31.278684064913097,10.82869822339831
34.97,-36.628294622029344,-30.821210654862575,10.426043996897736
34.980000000000004,-35.855085780178655,-30.359101865912876,10.032555729384912
34.99,-35.08918332874691,-29.892485445441665,9.648142021971728
35.0,-34.33045202372363,-29.421486783662562,9.272709911158808
35.01,-33.578754762705394,-28.946228921543614,8.906165179439997
35.02,-32.833952860616364,-28.4668325651736,8.54841264783096
35.03,-32.09590630777441,-27.983416105351694,8.19935645048796
35.04,-31.364474009269298,-27.4960956406824,7.858900291460926
35.050000000000004,-30.639514007030364,-27.004985004356353,7.526947684503075
35.06,-29.920883685250114,-26.51019579424699,7.203402176615707
35.07,-29.20843995984655,-26.011837405976205,6.888167556023463
35.08,-28.502039452670108,-25.510017068633406,6.581148045290677
35.09,-27.801538651146604,-25.00483988284214,6.282248480284707
35.1,-27.106794054059463,-24.496408860899173,5.9913744756965714
35.11,-26.417662304154327,-23.984824968720936,5.7084325778168274
35.12,-25.7340003082568,-23.47018716936483,5.433330405262153
35.13,-25.05566534556247,-22.952592467898405,5.165976778327063
35.14,-24.382515164756573,-22.43213595741727,4.906281837625072
35.15,-23.71440807058823,-21.908910866019315,4.654157152659838
35.160000000000004,-23.05120300080468,-21.38300860482166,4.409515821026271
35.17,-22.392759595601156,-20.854518818261905,4.172272559228328
35.18,-21.738938252129202,-20.323529429439372,3.9423437836472783
35.19,-21.089600175901587,-19.790126690305136,3.719647685159323
35.2,-20.44460742399613,-19.254395231675385,3.504104296432176
35.21,-19.803822940489876,-18.716418112888945,3.29563555241119
35.22,-19.167110585166185,-18.17627687151571,3.0941653446286375
35.230000000000004,-18.53433515595531,-17.634051573041273,2.899619569801583
35.24,-17.905362405533477,-17.08982086045218,2.7119261731561077
35.25,-17.280059052482393,-16.543662003654966,2.531015186893035
35.26,-16.658292787402033,-15.995650948681288,2.3568187641917206
35.27,-16.039932274331726,-15.445862366625606,2.18927120912174
35.28,-15.424847147826625,-14.894369702279862,2.0283090028149067
35.29,-14.81290800600398,-14.341245222425213,1.8738708262261046
35.300000000000004,-14.203986399869672,-13.786560063760659,1.725897579795772
35.31,-13.597954819204517,-13.230384280442902,1.5843324003044186
35.32,-12.994686675272522,-12.672786891217072,1.44912067519159
35.33,-12.394056280608133,-12.113835926133477,1.3202100545969853
35.34,-11.795938826108529,-11.55359847283614,1.197550461361004
35.35,-11.200210355653942,-10.99214072242396,1.0810940992088278
35.36,-10.606747738452407,-10.429528014877636,0.9707954593242605
35.37,-10.015428639307393,-9.865824884063331,0.8666113255081583
35.38,-9.426131486978496,-9.301095102312452,0.76850077809926
35.39,-8.838735440805424,-8.735401724591078,0.6764251968243333
35.4,-8.253120355742706,-8.168807132263838,0.5903482627299687
35.410000000000004,-7.669166750805196,-7.601373081219441,0.5102359598859353
35.42,-7.086755767263694,-7.033160740924932,0.43605657528775854
35.43,-6.505769124828816,-6.464230732234503,0.3677806983193862
35.44,-5.926089085947438,-5.8946431738430745,0.30538122085118324
35.45,-5.347598414885621,-5.324457724281122,0.24883333647890093
35.46,-4.770180335958718,-4.75373362361621,0.1981145395330299
35.47,-4.193718490997915,-4.182529734877495,0.15320462393852746
35.480000000000004,-3.6180968961510276,-3.6109045852345516,0.1140856819977167
35.49,-3.043199898098854,-3.0389164069515298,0.08074210315964364
35.5,-2.468912129763877,-2.4666231781383323,0.05316057283149782
35.51,-1.8951184655956617,-1.8940826633326289,0.031330071280664874
35.52,-1.3217039764995795,-1.3213524539327821,0.015241872667554921
35.53,-0.7485538844841819,-0.7484900085137106,0.004889544242748961
35.54,-0.17555351708876218,-0.17555269304658178,0.0002689457344655327
35.550000000000004,0.39741173833470517,0.39740217894212204,0.001378228945796275
35.56,0.9704564804237982,0.970317306247925,0.008217837573845553
35.57,1.5436953396311976,1.5431353598776532,0.020790507256382394
35.58,2.117243024001492,2.1157989429148714,0.03910126584468913
35.59,2.6912143648410742,2.688250550339968,0.06315743389454076
35.6,3.2657243622106638,3.2604325287720894,0.09296862536027901
35.61,3.840888230179997,3.832287036111769,0.12854674847040054
35.62,4.41682144176763,4.403756001048774,0.169906006755448
35.63,4.993639773500964,4.9747810824147,0.21706290019244565
35.64,5.571459349517224,5.545303628349028,0.2700362264221903
35.65,6.15039668420746,6.1152646343539105,0.32884708186530187
35.660000000000004,6.730568723081061,6.684604700012563,0.3935188625413326
35.67,7.312092890945051,7.2532639932778835,0.46407726589820975
35.68,7.8950871307623265,7.82118220609657,0.5405502914812216
35.69,8.479669943846874,8.388298511936675,0.622968241539215
35.7,9.065960429422505,8.954551523345433,0.7113637213170112
35.71,9.654078323068386,9.51987924915955,0.8057716388879881
35.72,10.24414403393835,10.08421905135625,0.9062292044150441
35.730000000000004,10.836278680617816,10.647507601521044,1.0127759287154445
35.74,11.43060412548447,11.209680836921109,1.125453620995653
35.75,12.027243007429059,11.77067391617556,1.2443063856109682
35.76,12.626318772770114,12.33042117450475,1.3693806176903616
35.77,13.227955704199648,12.888856078557374,1.500724997456747
35.78,13.832278947572824,13.445911180805906,1.6383904830572462
35.79,14.43941453635347,14.001518073514891,1.7824303017063405
35.800000000000004,15.049489413498447,14.55560734227635,1.9328999389267238
35.81,15.662631450561232,15.108108519121295,2.089857125659593
35.82,16.278969463779486,15.658950035220322,2.25336182300013
35.83,16.898633226883085,16.20805917317983,2.4234762042937565
35.84,17.5217534803569,16.75536201895897,2.600264634314682
35.85,18.14846193686235,17.300783413426565,2.78379364522657
35.86,18.778891282515474,17.844246903594307,2.97413190900923
35.87,19.413175173683346,18.385674693554307,3.1713502060106102
35.88,20.05144822895654,18.924987595170176,3.3755213892672074
35.89,20.693846015914897,19.462104978583486,3.586720344177971
35.9,21.34050503216901,19.996944723154936,3.8050239421885466
35.910000000000004,21.99156268090955,20.52942316731143,4.030510991286052
35.92,22.647157239559753,21.059455058620244,4.263262179487455
35.93,23.307427821506074,21.586953504343988,4.503360011428162
35.94,23.97251433054063,22.111829922008443,4.750888738499213
35.95,24.642557407409072,22.633993990265566,5.005934281610256
35.96,25.317698367926354,23.153353600166866,5.268584146033608
35.97,25.99807913211264,23.66981480698592,5.538927327766211
35.980000000000004,26.683842143762195,24.183281782729356,5.817054210817247
35.99,27.375130279849557,24.693656769500997,6.103056454812158
36.0,28.072086749156362,25.200840033898746,6.397026872283326
36.01,28.77485497946942,25.704729822630473,6.699059294992727
36.02,29.48357849269998,26.20522231956468,7.0092484286214365
36.03,30.198400767245595,26.702211604440013,7.327689695140092
36.04,30.919465086917302,27.195589613486348,7.654479062168278
36.050000000000004,31.64691437572878,27.68524610221753,7.989712858614464
36.06,32.380891017853195,28.171068610686508,8.333487575889263
36.07,33.12153666205356,28.652942431514273,8.685899653985432
36.08,33.868992009883456,29.130750581016517,9.047045251716531
36.09,34.62339658698441,29.604373773786136,9.417020000426259
36.1,35.38488849681046,30.073690401102905,9.795918740492505
36.11,36.15360415615181,30.538576513574082,10.183835239983987
36.12,36.92967801184608,30.99890580842076,10.580861894853792
36.13,37.71324223813018,31.45454962185956,10.98708941010906
36.14,38.50442641650946,31.905376930031068,11.402606461486787
36.15,39.30335719372312,32.35125435412396,11.827499337134116
36.160000000000004,40.110157911422014,32.79204616234655,12.261851558820364
36.17,40.924948225610464,33.22761429223311,12.705743482737342
36.18,41.74784370139243,33.65781837609638,13.159251879497363
36.19,42.57895538654528,34.082515774538265,13.622449493358372
36.2,43.41838936417343,34.501561618742635,14.095404580804205
36.21,44.26624628472659,34.91480886213429,14.578180428759433
36.22,45.12262087786438,35.322108342003645,15.070834852908478
36.230000000000004,45.98760144482828,35.7233088516885,15.573419676777199
36.24,46.861269332218455,36.11825722391136,16.085980192463985
36.25,47.74369838831149,36.50679842586216,16.60855460414683
36.26,48.634954403296604,36.88877566659566,17.141173455740947
36.27,49.53509453510481,37.264030517301585,17.68385904437032
36.28,50.444166722783265,37.63240304497096,18.236624821600614
36.29,51.362209089692804,37.993731959953244,18.79947478470074
36.300000000000004,52.28924933910877,38.347854777845725,19.37240286051064
36.31,53.2253041451564,38.694607996109994,19.95539228483723
36.32,54.17037854235487,39.033827285747115,20.54841498064363
36.33,55.124465317370756,39.36534769828218,21.151430938630362
36.34,56.087544406950414,39.68900388823349,21.76438760416722
36.35,57.05958230632035,40.00463035113984,22.387219274861433
36.36,58.04053149269171,40.312061677119836,23.019846513387584
36.37,59.0303298687882,40.61113281981255,23.662175580497262
36.38,60.02890023271997,40.90167938183064,24.314097893727425
36.39,61.03614978538004,41.183537923896836,24.975489518918025
36.4,62.05196965158093,41.45654625920603,25.64621069205035
36.410000000000004,63.07623446203563,41.720543784448324,26.326105388368237
36.42,64.10880198162164,41.97537182126204,27.015000939361915
36.43,65.14951278978658,42.22087396667952,27.712707703478483
36.44,66.19819002102905,42.45689645388475,28.419018797026574
36.45,67.25463917129345,42.683288521906874,29.133709891104086
36.46,68.31864797589411,42.89990279269785,29.856539080162083
36.47,69.38998636431128,43.10659565388128,30.587246827538028
36.480000000000004,70.46840649678678,43.30322764529404,31.32555599288542
36.49,71.55364288718013,43.489663847296846,32.07117194595368
36.5,72.64541261596393,43.6657742686922,32.823782770588906
36.51,73.74341563653348,43.83143423196214,33.583059562130856
36.52,74.84733517726333,43.98652475344072,34.34865682062914
36.53,75.95683824086373,44.13093291595104,35.12021294142995
36.54,77.07157620168097,44.264552231382915,35.89735080376817
36.550000000000004,78.19118550056136,44.38728299065469,36.67967845698465
36.56,79.31528843587459,44.499032598504726,37.4667899029567
36.57,80.44349404821061,44.59971589058841,38.25826597224967
36.58,81.57539909514524,44.68925543041683,39.05367529038403
36.59,82.71058911140173,44.767581783770936,39.85257532953683
36.6,83.8486395486417,44.83463376835066,40.654513539909075
36.61,84.98911698811207,44.89035867657929,41.45902855397712
36.62,86.13158041838577,44.93471246967566,42.26565145586473
36.63,87.27558257926493,44.96765995370505,43.07390711364679
36.64,88.42067133432482,44.989174901357,43.883315547175656
36.65,89.56639108001866,44.99924013885305,44.693393331793494
36.660000000000004,90.7122841984924,44.99784762095381,45.503655039877856
36.67,91.8578925176576,44.98499846145967,46.31361469265844
36.68,93.00275877552835,44.96070292897484,47.12278721629719
36.69,94.14642807756202,44.924980407973635,47.93068989097081
36.7,95.28844933587108,44.87785932551749,48.73684378181502
36.71,96.42837667941099,44.819377044278085,49.54077514083339
36.72,97.56577082468347,44.74957972281577,50.3420167693018
36.730000000000004,98.70020039702423,44.66852214434427,51.14010933073717
36.74,99.831243193252,44.57626751547159,51.934602605200816
36.75,100.95848737726247,44.47288723664544,52.725056676512956
36.76,102.0815326010279,44.35846064624335,53.511043044839
36.77,103.19999104447508,44.23307474042923,54.292145658111785
36.78,104.3134883687316,44.09682387105053,55.06796185677803
36.79,105.42166457833372,43.9498094239687,55.83810322745318
36.800000000000004,106.52417478905666,43.792139480304776,56.602196362146216
36.81,107.62068989914827,43.62392846313476,57.35988352082732
36.82,108.71089716281885,43.4452967721919,58.11082319618493
36.83,109.79450066585406,43.25637040912787,58.85469058043895
36.84,110.87122170422857,43.057280595845334,59.59117793507831
36.85,111.94079906748848,42.848163388354685,60.31999486528961
36.86,113.00298922953004,42.62915928851668,61.04086850169529
36.87,114.05756645292637,42.40041286066251,61.7535435962586
36.88,115.10432281072747,42.162072356236074,62.4577825371433
36.89,116.14306810464788,41.91428930337921,63.15336525366066
36.9,117.17362973310392,41.657218143844325,63.84008907606773
36.910000000000004,118.1958524820636,41.391015866968175,64.51776851713356
36.92,119.20959825037876,41.11584165128269,65.18623498786206
36.93,120.21474571647886,40.83185651674817,65.84533645445512
36.94,121.2111899523708,40.53922298877935,66.49493704245896
36.95,122.19884199093056,40.23810477505898,67.1349165940704
36.96,123.17762835239883,39.92866645597381,67.76517018451227
36.97,124.14749053589358,39.611073189342314,68.38560760328163
36.980000000000004,125.1083844815568,39.285490429958415,68.9961528058861
36.99,126.06028000875007,38.95208366432582,69.59674334147583
37.0,127.0031602354559,38.61101816082214,70.1873297615189
37.01,127.93702098373176,38.26245873541428,70.7678750143662
37.02,128.86187017577464,37.906569532924195,71.33835383025303
37.03,129.77772722480262,37.5435138237476,71.89875210094098
37.04,130.68462242463997,37.1734538158285,72.44906625787564
37.050000000000004,131.58259634152205,36.796550481620315,72.98930265237477
37.06,132.4716992113096,36.41296339968537,73.5194769410279
37.07,133.35199034496267,36.02285061052394,74.03961347914756
37.08,134.22353754477268,35.626368486179686,74.54974472476975
37.09,135.08641653355622,35.223671613117446,75.04991065539477
37.1,135.94071039868743,34.814912687842266,75.54015819934183
37.11,136.78650905273824,34.40024242512322,76.02054068373221
37.12,137.62390871577773,33.97980948887533,76.4911173108361
37.13,138.45301140581273,33.55376040669284,76.95195262616679
37.14,139.27392445581643,33.12223951020025,77.40311602109513
37.15,140.0867600526658,32.68538889051552,77.84468126069284
37.160000000000004,140.89163479486473,32.243348358139855,78.2767260273107
37.17,141.68866927123585,31.79625541148689,78.69933148484681
37.18,142.47798766067842,31.34424521347426,79.11258186379196
37.19,143.25971735293425,30.88745057562288,79.5165640669896
37.2,144.03398859019933,30.426001949115484,79.91136729593656
37.21,144.8009341292976,29.960027422292836,80.29708269733395
37.22,145.56068892405463,29.489652724077448,80.67380302951385
37.230000000000004,146.31338982741278,29.015001232847172,81.04162234827888
37.24,147.05917531277913,28.536193990294045,81.40063571163434
37.25,147.79818521404283,28.053349719826436,81.75093890283785
37.26,148.53056048364172,27.566584849104892,82.09262817114187
37.27,149.25644296804256,27.076013536313365,82.4257999895794
37.28,149.9759751999601,26.58174769980002,82.7505508291117
37.29,150.68930020663825,26.0838970507347,83.06697694844661
37.300000000000004,151.39656133348763,25.582569128464662,83.37517419881749
37.31,152.09790208238581,25.077869338261955,83.67523784301557
37.32,152.79346596399387,24.569900991182447,83.9672623880331
37.33,153.48339636504286,24.05876534595432,84.25134143283886
37.34,154.16783642406426,23.544561652000468,84.5275675228816
37.35,154.84692892121794,23.02738719411746,84.796032018771
37.36,155.52081618044335,22.50733733843107,85.05682497721513
37.37,156.1896399814013,21.984505579245038,85.31003504102925
37.38,156.853541481434,21.45898358670048,85.55574933867851
37.39,157.51266114694195,20.93086125509303,85.79405339274636
37.4,158.16713869361388,20.40022675169846,86.02503103674839
37.410000000000004,158.81711303495013,19.867166565984316,86.24876433972744
37.42,159.4627222385583,19.331765559087476,86.46533353809501
37.43,160.1041034897225,18.794107013449207,86.67481697420705
37.44,160.74139306175815,18.25427268252128,86.87729104118097
37.45,161.37472629270545,17.71234284045367,87.07283013349111
37.46,162.00423756792247,17.168396331694954,87.261506602898
37.47,162.63006030817692,16.622510620434575,87.4433907192939
37.480000000000004,163.2523269628402,16.07476183983818,87.61855063606504
37.49,163.8711690078228,15.525224841024121,87.78705235959647
37.5,164.4867169479103,14.97397324173641,87.94895972256695
37.51,165.0991003231676,14.421079474686891,88.10433436069769
37.52,165.7084477191132,13.866614835531983,88.2532356926439
37.53,166.31488678033662,13.310649530574555,88.395720902884
37.54,166.9185442252677,12.75325272978226,88.5318449351733
37.550000000000004,167.51954586798735,12.194492606385955,88.66166047030936
37.56,168.11801664158554,11.63443638164381,88.78521791356792
37.57,168.7140806222806,11.07315037375806,88.90256539040703
37.58,169.30786105675128,10.510700043371745,89.01374873967104
37.59,169.89948039158,9.947150038635174,89.11881150823783
37.6,170.4890603046229,9.382564239852268,89.21779494692795
37.61,171.07672173814672,8.81700580370869,89.31073800750825
37.62,171.66258493356838,8.25053720710042,89.39767734063366
37.63,172.24676946765993,7.683220290569386,89.4786472945853
37.64,172.82939429007757,7.115116301365976,89.5536799146721
37.65,173.4105777620964,6.546285936148907,89.6228049431763
37.660000000000004,173.99043769642435,5.97678938334857,89.68604981973132
37.67,174.56909139798992,5.406686365210353,89.74343968203216
37.68,175.1466557056041,4.836036179535538,89.79499736678743
37.69,175.72324703439193,4.264897741150095,89.84074341083048
37.7,176.29898141891005,3.69332962311839,89.88069605231706
37.71,176.87397455685937,3.1213900977312306,89.91487123194358
37.72,177.4483418533183,2.549137177286981,89.94328259413042
37.730000000000004,178.02219846541269,1.9766286546994818,89.96594148811938
37.74,178.59565934734803,1.4039221439618015,89.98285696900817
37.75,179.16883929541228,0.8310751209616319,89.99403580401727
37.76,179.74185299357458,0.2581449630725335,89.99948246704717
37.77,-179.6851849405444,-0.31481101084619534,89.99919913680988
37.78,-179.11215990997,-0.8877355000191323,89.99318570010638
37.79,-178.53895729254458,-1.4605711816454705,89.98143975180976
37.800000000000004,-177.96546239513685,-2.0332606707706926,89.96395659462114
37.81,-177.3915604079503,-2.6057464801147434,89.9407292386056
37.82,-176.81713635899277,-3.177970979832538,89.91174840052203
37.83,-176.242075068781,-3.749876357171344,89.87700250296741
37.84,-175.66626110534267,-4.321404576004231,89.83647767336396
37.85,-175.08957873959142,-4.892497336207642,89.79015774282338
37.86,-174.5119119011422,-5.46309603286318,89.7380242449311
37.87,-173.93314413465285,-6.033141715249509,89.68005641449997
37.88,-173.35315855676586,-6.60257504560568,89.61623118635113
37.89,-172.77183781374265,-7.171336257636593,89.54652319418778
37.9,-172.18906403987336,-7.739365114743592,89.47090476963524
37.910000000000004,-171.60471881676858,-8.306600867950042,89.38934594153096
37.92,-171.01868313363175,-8.872982213504319,89.3018144355556
37.93,-170.43083734861972,-9.438447250143886,89.20827567430604
37.94,-169.84106115141748,-10.00293343599444,89.10869277792278
37.95,-169.2492335271699,-10.566377545085615,89.00302656543235
37.96,-168.65523272560037,-11.128715622229308,88.89123556334515
37.97,-168.05893622461983,-11.689882940143121,88.7732760022092
37.980000000000004,-167.46022069684423,-12.24981395544263,88.64910181703706
37.99,-166.85896198257362,-12.808442262703055,88.51866465683675
38.0,-166.25503506267106,-13.36570054892229,88.3819138915495
38.01,-165.64831403376476,-13.921520547549111,88.23879662064648
38.02,-165.0386720859726,-14.475832992084435,88.08925768359421
38.03,-164.42598148337515,-15.028567569255513,87.93323967241619
38.04,-163.81011354746812,-15.579652871778489,87.77068294659227
38.050000000000004,-163.19093864385414,-16.129016350714984,87.60152565055753
38.06,-162.5683261724404,-16.67658426744455,87.425703734077
38.07,-161.9421445614263,-17.222281645279672,87.24315097579164
38.08,-161.31226126539528,-17.766032220745014,87.0537990102523
38.09,-160.67854276783117,-18.307758394562274,86.85757735877569
38.1,-160.0408545884092,-18.84738118237793,86.65441346447919
38.11,-159.3990612954233,-19.38482016528904,86.4442327318699
38.12,-158.7530265237472,-19.919993440216434,86.22695857138928
38.13,-158.10261299873343,-20.4528175701968,86.00251244933374
38.14,-157.44768256649067,-20.983207534663403,85.77081394359682
38.15,-156.78809623098857,-21.511076679805978,85.53178080569906
38.160000000000004,-156.12371419848952,-22.03633666910053,85.28532902961616
38.17,-155.45439593353183,-22.558897435649406,85.03137293458546
38.18,-154.78000021659255,-23.07866713213396,84.76982524311956
38.19,-154.10038521063868,-23.595552081340056,84.50059716825821
38.2,-153.4154085426148,-24.109456729601217,84.22359851961481
38.21,-152.7249273925216,-24.62028360003289,83.93873781432983
38.22,-152.02879859318054,-25.12793324677394,83.64592239824402
38.230000000000004,-151.32687874133137,-25.63230421041897,83.34505857794356
38.24,-150.61902432071344,-26.133292974852516,83.0360517643406
38.25,-149.90509183779673,-26.63079392571383,82.71880662846934
38.26,-149.18493797085574,-27.124699310729852,82.39322727019496
38.27,-148.45841973307049,-27.614899202186116,82.05921740053523
38.28,-147.7253946503596,-28.101281461815695,81.71668053830624
38.29,-146.9857209546353,-28.583731708417336,81.36552022179721
38.300000000000004,-146.2392577931853,-29.06213328852317,81.0056402361839
38.31,-145.48586545486046,-29.536367250468846,80.63694485737183
38.32,-144.7254056137296,-30.00631232224108,80.25933911294358
38.33,-143.9577415908525,-30.471844893491358,79.87272906086497
38.34,-143.18273863476878,-30.932839002139346,79.47702208656253
38.35,-142.40026422127255,-31.389166326003156,79.07212721894754
38.36,-141.61018837297078,-31.840696179925512,78.657955465899
38.37,-140.81238399908045,-32.287295518875574,78.23442016966408
38.38,-140.0067272624895,-32.728828949297515,77.80143738995847
38.39,-139.19309795632745,-33.16515874450162,77.35892629458831
38.4,-138.3713798996456,-33.59614486708847,76.90680956917998
38.410000000000004,-137.54146136594358,-34.02164500259082,76.44501386083373
38.42,-136.7032355274976,-34.44151460046548,75.97347023657078
38.43,-135.85660092036585,-34.85560692437088,75.49211466219096
38.44,-135.0014619296372,-35.2637731123187,75.00088850111028
38.45,-134.13772929427105,-35.66586224730141,74.49973903253839
38.46,-133.2653206306763,-36.06172143898836,73.98861998814874
38.47,-132.38416097392462,-36.45119591708405,73.467492106148
38.480000000000004,-131.49418333525904,-36.83412913691989,72.93632370140905
38.49,-130.595329274268,-37.21036289783939,72.39509125004695
38.5,-129.68754948380388,-37.57973747490997,71.84377998652616
38.51,-128.7708043854343,-37.942091764452734,71.28238451109094
38.52,-127.84506473287256,-38.297263443847406,70.71090940497446
38.53,-126.9103122205173,-38.64508914601072,70.1293698505225
38.54,-125.96654009387306,-38.985404648890835,69.53779225301254
38.550000000000004,-125.013753758301,-39.318045080240154,68.93621486062057
38.56,-124.0519713821843,-39.6428451378528,68.3246883786286
38.57,-123.08122449025447,-39.95963932535945,67.70327657362697
38.58,-122.10155854251194,-40.26826220356141,67.07205686314776
38.59,-121.11303352330924,-40.5685486454336,66.4311209038278
38.6,-120.11572437901955,-40.86033418301985,65.78057508752532
38.61,-119.10972166478327,-41.14345518992196,65.12054112000868
38.62,-118.09513191090981,-41.417749275444294,64.45115645493114
38.63,-117.07207808175752,-41.683055587010635,63.772574746693714
38.64,-116.04069995676275,-41.93921514734713,63.084966241318426
38.65,-115.00115445818219,-42.18607120334863,62.38851811391375
38.660000000000004,-113.95361591961033,-42.42346958544132,61.683434746795164
38.67,-112.89827628941777,-42.651259076088884,60.9699379424143
38.68,-111.83534526344378,-42.86929178591815,60.24826706543756
38.69,-110.76505034157896,-43.0774235357695,59.51867910861082
38.7,-109.68763680322225,-43.27551424282176,58.78144867740367
38.71,-108.60336759709008,-43.46342830878534,58.036867888913136
38.72,-107.51252314140488,-43.64103500802218,57.28524618106332
38.730000000000004,-106.4154010311826,-43.80820887332144,56.52691002882107
38.74,-105.31231565007722,-43.9648300769587,55.762202564892554
38.75,-104.20359768508305,-44.110784804580845,54.99148310320912
38.76,-103.08959354334111,-44.24596561939614,54.21512656444862
38.77,-101.97066467125447,-44.37027181411849,53.4335228038061
38.78,-100.84718677718065,-44.48360974810811,52.64707584228372
38.79,-99.71954896002457,-44.58589316717863,51.856203003831794
38.800000000000004,-98.58815275387744,-44.677043506651,51.06133396687602
38.81,-97.45341107737698,-44.756990168037895,50.262909722491756
38.82,-96.3157470947516,-44.82567076774772,49.4613814463351
38.83,-95.1755930198403,-44.883031366918296,48.657209309540356
38.84,-94.03338884726294,-44.92902666977148,47.850861218219045
38.85,-92.88958102581589,-44.9636201917779,47.04281149516346
38.86,-91.7446210833999,-44.98678439617432,46.23353951306534
38.87,-90.59896421347356,-44.99850079762987,45.42352828924351
38.88,-89.45306783353965,-44.998760032140034,44.613263052396235
38.89,-88.30739012659373,-44.987561892523594,43.8032297923089
38.9,-87.16238857668294,-44.96491532920353,42.993913803673806
38.910000000000004,-86.01851850983824,-44.93083841626517,42.18579823528525
38.92,-84.87623165154234,-44.88535828309604,41.379362655778564
38.93,-83.73597471165887,-44.82851101221834,40.57508164684566
38.94,-82.59818800738205,-44.76034150422337,39.77342343448524
38.95,-81.46330413525232,-44.680903311480286,38.97484856898693
38.96,-80.33174669864047,-44.59025844073606,38.179808661021
38.97,-79.20392910103955,-44.48847712710802,37.388745183627066
38.980000000000004,-78.08025341460115,-44.37563758219612,36.60208834891684
38.99,-76.96110932816015,-44.25182571730158,35.82025606455202
39.0,-75.84687318115239,-44.1171348443489,35.04365297616123
39.01,-74.73790708801762,-43.97166535689102,34.272669600288744
39.02,-73.63455815655772,-43.81552439366628,33.50768155135288
39.03,-72.53715780264392,-43.64882548723758,32.74904886500996
39.04,-71.44602116256786,-43.47168820026852,31.99711541922678
39.050000000000004,-70.36144660331583,-43.284237751991924,31.252208453341087
39.06,-69.2837153300328,-43.08660463739055,30.514638184383795
39.07,-68.21309108901912,-42.878924241550536,29.784697519012337
39.08,-67.14981996377458,-42.66133645156823,29.062661858570667
39.09,-66.09413026095784,-42.433985268328385,28.34878899410145
39.1,-65.04623249341822,-42.19701842404881,27.643319094460836
39.11,-64.00631942070625,-41.95058699605564,26.946474760490585
39.12,-62.974566173692395,-41.69484502864385,26.258461160784673
39.13,-61.95113046108162,-41.42994916618458,25.579466245503188
39.14,-60.93615283510977,-41.15605829331172,24.909661021667365
39.15,-59.92975701673164,-40.873333185547715,24.249199888066258
39.160000000000004,-58.932050274366055,-40.581936171563214,23.598221023841127
39.17,-57.94312385021465,-40.282030808091264,22.956846824771738
39.18,-56.963053428215744,-39.973781568349466,22.325184381334232
39.19,-55.9918996378241,-39.657353544669675,21.703325992721982
39.2,-55.02970858794729,-39.33291216587334,21.09134971117051
39.21,-54.076512425603795,-39.00062292979169,20.489319911154045
39.22,-53.13232991410167,-38.660651151187245,19.897287878263164
39.230000000000004,-52.19716702584752,-38.313161725215345,19.315292412874282
39.24,-51.271017545472034,-37.95831890652879,18.74336044420851
39.25,-50.35386368684142,-37.596286106421324,18.18150765564902
39.26,-49.44567669232585,-37.2272256994354,17.629739099147898
39.27,-48.546417440732476,-36.85129884778776,17.088049815042684
39.28,-47.65603705458745,-36.46866534192415,16.556425449906765
39.29,-46.77447749601554,-36.07948345432704,16.034842864399067
39.300000000000004,-45.901672152203616,-35.68390980716728,15.523270730905049
39.31,-45.03754640820532,-35.282099253303095,15.021670118735429
39.32,-44.18201820515178,-34.87420477009351,14.529995064957557
39.33,-43.33499858224351,-34.460377365475914,14.048193129236763
39.34,-42.49639220115089,-34.04076599572637,13.576205931326932
39.35,-41.666097851724324,-33.615517494317885,13.113969670115894
39.36,-40.844008938135055,-33.18477651127571,12.661415623358753
39.37,-40.030013944806704,-32.7486854624379,12.218470627461924
39.38,-39.223996881674346,-32.30738448802272,11.785057536867045
39.39,-38.425837709078195,-31.86101142021251,11.361095663098798
39.4,-37.635412749625424,-31.409701763118335,10.946501197535119
39.410000000000004,-36.85259505739975,-30.953588669381748,10.541187601104768
39.42,-36.0772547806575,-30.492802930738435,10.145065981772298
39.43,-35.309259505396966,-30.027472976010614,9.758045452491643
39.44,-34.54847457586255,-29.557724873697328,9.380033467613565
39.45,-33.79476339522918,-29.083682340076596,9.010936139805413
39.46,-33.04798770697913,-28.605466752358428,8.65065853800117
39.47,-32.30800785752298,-28.123197166441027,8.299104966947402
39.480000000000004,-31.57468304067987,-27.636990338857096,7.9561792289646425
39.49,-30.84787152465168,-27.146960752511045,7.621784868571092
39.5,-30.12743086215199,-26.65322064583056,7.295825400641813
39.51,-29.413218084382844,-26.155880044988404,6.978204522801336
39.52,-28.705089879545316,-25.65504679886066,6.668826312750176
39.53,-28.002902756588874,-25.150826616418957,6.367595411237281
39.54,-27.306513195739523,-24.64332310686718,6.074417191761491
39.550000000000004,-26.61577779221159,-24.13263782643179,5.78919792015117
39.56,-25.930553367288,-23.618870312714208,5.511844892986011
39.57,-25.250697082643622,-23.10211813092856,5.242266571473123
39.58,-24.57606654251184,-22.582476920923803,4.980372703967133
39.59,-23.906519883224014,-22.060040443888735,4.726074437376928
39.6,-23.24191585264876,-21.534900629894533,4.479284418951768
39.61,-22.582113880121003,-21.007147626109255,4.239916889052617
39.62,-21.92697413744618,-20.476869845546304,4.007887765498981
39.63,-21.27635759152486,-19.94415401620947,3.7831147200521955
39.64,-20.630126049132876,-19.409085230520258,3.5655172475776555
39.65,-19.988142194355483,-18.87174699491476,3.355016728400227
39.660000000000004,-19.35026961916656,-18.33222127952193,3.151536484348902
39.67,-18.716372847607204,-17.790588567834945,2.9550018289585793
39.68,-18.086317353995188,-17.246927906297106,2.765340112273767
39.69,-17.459969575012725,-16.701316953246273,2.5824807605075373
39.7,-16.83719693178881,-16.15383204089669,2.406355315570582
39.71,-16.21786780670394,-15.60454820200428,2.236897458172752
39.72,-15.601851555454745,-15.053539230360041,2.074043039363793
39.730000000000004,-14.989018499659364,-14.500877727831838,1.9177301037603567
39.74,-14.379239917221287,-13.946635152392547,1.7678989100722295
39.75,-13.77238802916668,-13.390881865759388,1.6244919487374125
39.76,-13.168335983234346,-12.833687180633353,1.4874539569467422
39.77,-12.566957834465116,-12.275119407518902,1.3567319313171453
39.78,-11.968128523033245,-11.715245901119461,1.2322751384586321
39.79,-11.371723849534979,-11.154133106297165,1.114035123661148
39.800000000000004,-10.77762044794976,-10.591846603602992,1.0019657179151988
39.81,-10.185695756463703,-10.028451154375576,0.8960230434626595
39.82,-9.595827986332113,-9.464010745410095,0.7961655180604285
39.83,-9.00789608895738,-8.898588633212547,0.702353858128289
39.84,-8.421779723697126,-8.332247390131181,0.6145510812870939
39.85,-7.837359229376003,-7.765048955195919,0.5327225086550169
39.86,-7.254515569390274,-7.197054660296172,0.45683576279824833
39.87,-6.673130299816329,-6.628325279290747,0.3868607690393234
39.88,-6.0930855310184,-6.05892107163695,0.32276975533108604
39.89,-5.5142638869826435,-5.488901824458576,0.26453725158113983
39.9,-4.936548463761336,-4.918326894306216,0.2121400887219658
39.910000000000004,-4.359822787132514,-4.347255248639972,0.16555739761087507
39.92,-3.7839707695627416,-3.775745507054291,0.12477060783384115
39.93,-3.2088766665556667,-3.2038559822656287,0.08976344647919607
39.94,-2.6344250324756695,-2.6316447208957574,0.060521936939927884
39.95,-2.0605006759175417,-2.0591695440700977,0.037034397794408154
39.96,-1.4869886147010276,-1.486488087862353,0.01929144180866095
39.97,-0.9137740305546616,-0.9136578436058775,0.007285975095388429
39.980000000000004,-0.34074222356518813,-0.3407361981068394,0.001013196458426068
39.99,0.232221433544527,0.23221952621687947,0.00047059694371748414
