Time,EulerAngle1,EulerAngle2,EulerAngle3
40.0,0.8052315412474603,0.8051520312468207,0.005657959611292507
40.01,1.37840271908217,1.378004003089442,0.016577359535919902
40.02,1.9518496515027142,1.9507180719944095,0.033233164037181635
40.03,2.5256871336396087,2.5232367722328277,0.05563203313294669
40.04,3.1000301169133326,3.0955025019140225,0.08378292020363022
40.050000000000004,3.6749937429337507,3.667457471282313,0.11769707212037671
40.06,4.250693392045799,4.239043665843347,0.15738802995850765
40.07,4.827244748525989,4.810202826174375,0.20287163145514037
40.08,5.404763831632088,5.380876393995833,0.25416601163156755
40.09,5.9833670392419975,5.951005471105161,0.31129160401996436
40.1,6.563171190976429,6.5205307781598005,0.3742711418739422
40.11,7.144293570645377,7.0893926132107135,0.443129659294625
40.12,7.726851967919432,7.657530809954633,0.5178944921984808
40.13,8.310964719135816,8.224884695688761,0.598595279045934
40.14,8.896750747131305,8.79139304894157,0.6852639612395023
40.15,9.48432959999859,9.356994056765933,0.7779347830922377
40.160000000000004,10.073821488640517,9.921625271668113,0.8766442912553609
40.17,10.665347322999883,10.485223568159242,0.9814313334850844
40.18,11.259028746833401,11.047725098917494,1.0923370566180255
40.19,11.854988170876997,11.60906525054016,1.2094049036110714
40.2,12.453348804253707,12.169178598880976,1.3326806094920056
40.21,13.05423468395239,12.727998863959442,1.4622121960524683
40.22,13.6577707022053,13.285458864442637,1.5980499651038724
40.230000000000004,14.264082631564815,13.841490471689252,1.7402464900998735
40.24,14.873297147477867,14.3960245633599,1.8888566059166747
40.25,15.485541848916048,14.9489909773148,2.0439373967347727
40.26,16.100945289753554,15.500318477632923,2.2055481846959735
40.27,16.71963697211878,16.04993468803408,2.3737505085681248
40.28,17.34174735755035,16.59776604481395,2.548608103791459
40.29,17.967407878594496,17.143737753177046,2.7301868804491245
40.300000000000004,18.596750941292992,17.68777373855186,2.918554896735076
40.31,19.22990992328809,18.229796597602764,3.1137823286462347
40.32,19.86701916720476,18.76972754898281,3.315941435547147
40.33,20.50821396893677,19.307486383868152,3.5251065212301995
40.34,21.153630560457355,19.842991416335913,3.741353890077298
40.35,21.8034060867402,20.37615943364494,3.9647617979025003
40.36,22.45767857636665,20.90690564649863,4.195410397036376
40.37,23.116586905355124,21.43514363936482,4.433381675183899
40.38,23.78027075374188,21.960785320952027,4.678759387569651
40.39,24.448870554405627,22.483740874941674,4.931628981855908
40.4,25.122527433617886,23.003918711098443,5.192077515300171
40.410000000000004,25.80138314276117,23.521225416880373,5.460193563589221
40.42,26.48557998064718,24.035565709694623,5.736067120768481
40.43,27.175260705845112,24.546842389958694,6.019789489663608
40.44,27.87056843839551,25.054956295132236,6.311453162164586
40.45,28.571646550282022,25.559806254913177,6.611151688729454
40.46,29.278638549532477,26.061289052217635,6.918979538349262
40.47,29.991687959284274,26.559299391530402,7.235031949194787
40.480000000000004,30.71093813797479,27.05372983271355,7.559404750634045
40.49,31.436532131584126,27.544470763989978,7.892194187302012
40.5,32.16861249975707,28.031410367926608,8.23349672516098
40.51,32.90732112477552,28.5144345886346,8.583408842010323
40.52,33.65279900450751,28.99342710197584,8.942026802360008
40.53,34.405186028640486,29.468269289117654,9.309446415968969
40.54,35.164620737538016,29.938840213810373,9.685762779373212
40.550000000000004,35.93124006306423,30.405016603772598,10.071069999743889
40.56,36.70517905076859,30.86667283660258,10.465460900455627
40.57,37.48657056286598,31.32368093065608,10.869026707788537
40.58,38.27554496148515,31.77591054134541,11.281856718232829
40.59,39.072229771742656,32.22322896334722,11.704037945939564
40.6,39.87674932426127,32.665501139219586,12.135654749931184
40.61,40.689224376859926,33.10258967495751,12.576788440785373
40.62,41.50977171522782,33.53435486302339,13.027516866601603
40.63,42.33850373253794,33.96065471341704,13.487913978193083
40.64,43.17552798807939,34.38134499335527,13.958049373577772
40.65,44.02094674516062,34.796279276151054,14.437987822008184
40.660000000000004,44.87485648869058,35.20530899987969,14.927788767943948
40.67,45.73734743005245,35.60828354208954,15.42750581819158
40.68,46.60850298221207,36.00505029665468,15.937186206485213
40.69,47.48839921191078,36.39545475812764,16.456870238431005
40.7,48.37710429080072,36.77934063074262,16.986590725920387
40.71,49.27467792524912,37.15654994493311,17.526372404507516
40.72,50.1811707730985,37.526923187099925,18.076231337959452
40.730000000000004,51.09662384955169,37.89029944312861,18.63617431214381
40.74,52.021067924684544,38.24651655611925,19.206198220747254
40.75,52.95452291542044,38.5954112987393,19.786289445650194
40.76,53.89699727512323,38.93681956054386,20.376423235111968
40.77,54.84848738433218,39.27057655054472,20.97656308327979
40.78,55.808976946490425,39.59651701522231,21.586660114869236
40.79,56.778436392878376,39.91447547208889,22.206652479217368
40.800000000000004,57.75682230127079,40.22428645880047,22.836464758225745
40.81,58.74407683317015,40.525784797708305,23.476007393037293
40.82,59.74012719476042,40.818805875615716,24.125176134583025
40.83,60.74488512696663,41.1031859383665,24.78385152338247
40.84,61.75824643025177,41.37876239975442,25.451898404219662
40.85,62.7800905299385,41.64537416408571,26.129165481479138
40.86,63.81028008798354,41.90286196157277,26.8154849210601
40.87,64.84866066729303,42.15106869580509,27.510672004847315
40.88,65.89506045584915,42.389839804682275,28.21452484391458
40.89,66.94929005092513,42.619023623047966,28.926824155446962
40.9,68.01114231626119,42.838471758446595,29.647333110148164
40.910000000000004,69.08039231466704,43.048039473324664,30.375797255132973
40.92,70.15679732055578,43.247586070687234,31.111944517268565
40.93,71.24009691751628,43.43697528212356,31.855485291643678
40.94,72.33001318495862,43.61607565607456,32.606112619200225
40.95,73.42625097724125,43.78476094409293,33.36350245692649
40.96,74.52849829792092,43.942910482734426,34.12731404325131
40.97,75.63642677095602,44.09040956863432,34.89719036046095
40.980000000000004,76.74969220975545,44.22714982425536,35.67275869503018
40.99,77.86793528400753,44.353029551758794,36.45363129579561
41.0,78.9907822831904,44.46795407244116,37.23940612886507
41.01,80.1178459745707,44.571836049198005,38.029667727070034
41.02,81.24872655242963,44.664595789532406,38.82398813069131
41.03,82.38301267413598,44.74616152670911,39.62192791507597
41.04,83.52028257762757,44.816469676775434,40.4230372996979
41.050000000000004,84.66010527378995,44.87546506931802,41.226857332151525
41.06,85.80204180626055,44.923101150007746,42.03292113959894
41.07,86.94564657027834,44.9593401531945,42.8407552392848
41.08,88.09046868381677,44.98415324555863,43.64988090058017
41.09,89.23605339972376,44.99752063839478,44.45981554793815
41.1,90.38194353200713,44.999431650379094,45.27007418275871
41.11,91.52768091813776,44.9898847535267,46.08017083550136
41.12,92.67280788379611,44.96888757947891,46.88962002201779
41.13,93.81686870338466,44.93645689055561,47.69793819580892
41.14,94.95941104559375,44.892618516326394,48.504645185331256
41.15,96.09998739305934,44.83740725626803,49.3092656053814
41.160000000000004,97.2381564254876,44.770866749374505,50.1113302319348
41.17,98.37348435616457,44.69304931187091,50.910377330349064
41.18,99.50554621241699,44.60401574444817,51.705953927491784
41.19,100.63392705134149,44.50383511068186,52.49761701910965
41.2,101.75822310302355,44.392584488516036,53.28493470465165
41.21,102.87804283440475,44.27034869688526,54.067487242703216
41.22,103.99300792800707,44.13721999970717,54.84486802123142
41.230000000000004,105.10275417076447,43.99329778960927,55.61668443789102
41.24,106.20693224932884,43.83868825384811,56.382558686752006
41.25,107.30520844931641,43.67350402494283,57.14212844890712
41.26,108.39726525701835,43.497863818579454,57.895047485483445
41.27,109.482801863178,43.31189206133979,58.64098613265136
41.28,110.56153456941658,43.115718510789556,59.379631699210954
41.29,111.63319710259348,42.909477875136915,60.1106887723216
41.300000000000004,112.69754082831757,42.69330942126639,60.8338794221893
41.31,113.754334874692,42.4673565823247,61.54894331638003
41.32,114.80336617568742,42.23176657460527,62.25563775409645
41.33,115.84443942951934,41.9866900145688,62.95373761530191
41.34,116.87737697993491,41.73228054145166,63.64303523265015
41.35,117.90201862571409,41.468694447187204,64.32334019152418
41.36,118.91822136401102,41.19609031519423,64.9944790638004
41.37,119.9258590733393,40.91462866942324,65.65629508114137
41.38,120.92482214215244,40.62447163487369,66.30864775375915
41.39,121.9150170489872,40.325782610630796,66.95141244061415
41.4,122.89636590012465,40.018725956298034,67.584479876995
41.410000000000004,123.86880593059752,39.703466692547465,68.20775566530676
41.42,124.83228897423538,39.38017021634951,68.8211597347511
41.43,125.78678090823004,39.04900203129697,69.42462577537279
41.44,126.73226107743736,38.71012749330677,70.01810065168729
41.45,127.66872170337275,38.3637115718479,70.6015438008365
41.46,128.5961672825311,38.009918626732905,71.1749266199005
41.47,129.51461397835365,37.648912200396964,71.73823184667754
41.480000000000004,130.42408901080412,37.28085482550255,72.29145293789203
41.49,131.32463004758193,36.90590784843342,72.8345934492351
41.5,132.2162846025593,36.52423127361521,73.36766642552394
41.51,133.09910943232148,36.13598360288757,73.89069377976526
41.52,133.97316995080428,35.741321704156036,74.40370569669996
41.53,134.83853965547254,35.34040069239027,74.90674004746269
41.54,135.69529956688555,34.93337382163337,75.39984181656008
41.550000000000004,136.54353768426395,34.52039238935738,75.88306254462233
41.56,137.38334845846444,34.1016056525894,76.35645978832451
41.57,138.2148322835099,33.677160755217756,76.8200965986153
41.58,139.03809500756523,33.24720266588912,77.27404101814096
41.59,139.85324746405098,32.811874125894086,77.71836559854417
41.6,140.66040502336855,32.371315606450054,78.15314693810676
41.61,141.45968716554523,31.925665274788088,78.57846524003239
41.62,142.25121707392418,31.475058968472045,78.99440389149085
41.63,143.03512124989916,31.019630177380275,79.40104906341148
41.64,143.81152914855073,30.559510032805033,79.79848933087666
41.65,144.580572834944,30.09482730313365,80.18681531386254
41.660000000000004,145.3423866607325,29.625708395606637,80.56611933796769
41.67,146.09710696064602,29.15227736365981,80.9364951146961
41.68,146.84487176837138,28.674655919379255,81.29803744079149
41.69,147.5858205512618,28.192963450629854,81.65084191605477
41.7,148.32009396328527,27.70731704242959,81.99500467904086
41.71,149.0478336155698,27.21783150217391,82.33062215998635
41.72,149.76918186389187,26.724619388328367,82.65779085030037
41.730000000000004,150.48428161292867,26.227791045542034,82.97660709175
41.74,151.1932761361591,25.72745464657343,83.28716688552672
41.75,151.8963089066077,25.223716209068066,83.58956568371664
41.76,152.59352344703657,24.716679643575535,83.88389822814757
41.77,153.2850631919361,24.206446795917945,84.17025839354177
41.78,153.97107136208913,23.693117490059105,84.44873904165644
41.79,154.65169085125166,23.176789572413515,84.71943188709069
41.800000000000004,155.3270641242825,22.657558957390965,84.98242737408572
41.81,155.99733312608512,22.135519673979772,85.23781456366875
41.82,156.66263920074462,21.610763913187974,85.48568103050961
41.83,157.323123020249,21.08338207618754,85.7261127688745
41.84,157.97892452222416,20.553462823008562,85.95919410709027
41.85,158.6301828561203,20.021093121654435,86.18500762994988
41.86,159.27703633732438,19.486358297511636,86.40363410851765
41.87,159.91962240867974,18.949342082953386,86.61515243681146
41.88,160.558077608935,18.41012666703425,86.81963957486737
41.89,161.19253754765444,17.868792745194032,87.01717049771253
41.9,161.8231368861581,17.325419568888556,87.20781814979937
41.910000000000004,162.45000932406745,16.780084995087464,87.39165340447174
41.92,163.07328759106755,16.23286553557706,87.56874502806141
41.93,163.6931034435171,15.683836406014208,87.73915964823375
41.94,164.30958766554838,15.133071574695297,87.90296172622105
41.95,164.9228700743344,14.580643810997664,88.06021353260533
41.96,165.53307952920653,14.026624733467985,88.21097512633087
41.97,166.14034394390964,13.471084861282641,88.35530434355161
41.980000000000004,166.744790301981,12.914093661550268,88.49325678245191
41.99,167.34654467680747,12.355719586843522,88.62488577302832
42.0,167.94573225311947,11.796030127303684,88.7502423764384
42.01,168.54247735131602,11.23509185680195,88.86937537625766
42.02,169.13690345416018,10.672970478555413,88.98233127122961
42.03,169.72913323563415,10.109730870316392,89.08915426951235
42.04,170.31928859177904,9.545437129133392,89.1898862842391
42.050000000000004,170.9074906733403,8.980152615698637,89.28456693021836
42.06,171.49385992006492,8.413939998288686,89.3732335216166
42.07,172.07851609650567,7.84686129630686,89.45592107047696
42.08,172.66157832918697,7.2789779234495136,89.5326622859378
42.09,173.2431651450101,6.710350730506172,89.6034875740283
42.1,173.82339451077314,6.141040047816385,89.66842503792734
42.11,174.40238387370013,5.571105727396471,89.72750047858261
42.12,174.98025020286593,5.000607184765239,89.78073739559578
42.13,175.55711003142568,4.42960344048438,89.82815698828972
42.14,176.1330794995512,3.858153161441749,89.86977815688144
42.15,176.70827439799407,3.2863147018952206,89.90561750369409
42.160000000000004,177.2828102121855,2.7141461443099524,89.93568933434798
42.17,177.85680216679845,2.1417053400111685,89.96000565887971
42.18,178.4303652707014,1.5690499496752262,89.97857619274552
42.19,179.0036143622247,0.9962374836935861,89.99140835767189
42.2,179.57666415465658,0.42332534245195097,89.99850728238529
42.21,-179.8503707222471,-0.1496291393688543,89.9998758149536
42.22,-179.2773756728928,-0.7225686571032534,89.99551451091078
42.230000000000004,-178.70423608721572,-1.2954358984099819,89.98542162607383
42.24,-178.13083729739193,-1.868173500359813,89.96959312418564
42.25,-177.55706453210868,-2.440724009282196,89.94802267651251
42.26,-176.98280287098459,-3.0130298405444047,89.9207016612308
42.27,-176.40793719919924,-3.5850332382420116,89.88761916262125
42.28,-175.83235216240456,-4.156676234768266,89.8487619700973
42.29,-175.25593212198217,-4.727900610241829,89.80411457709955
42.300000000000004,-174.67856111072726,-5.298647851758446,89.75365917989716
42.31,-174.1001227890312,-5.868859112444156,89.69737567634363
42.32,-173.52050040163994,-6.4384751702882115,89.6352416646419
42.33,-172.93957673508012,-7.007436386723388,89.56723244218257
42.34,-172.35723407583623,-7.575682664936356,89.49332100452636
42.35,-171.77335416937905,-8.143153407880517,89.41347804461137
42.36,-171.18781818014023,-8.709787475976146,89.32767195227338
42.37,-170.60050665254977,-9.275523144469455,89.23586881417887
42.38,-170.01129947324608,-9.840298060438142,89.1380324142779
42.39,-169.4200758345875,-10.404049199421395,89.03412423489661
42.4,-168.82671419959195,-10.966712821665281,88.92410345859707
42.410000000000004,-168.23109226845577,-11.52822442796249,88.80792697094705
42.42,-167.6330869468005,-12.088518715078816,88.68554936435154
42.43,-167.0325743158091,-12.647529530761194,88.55692294311051
42.44,-166.42942960495265,-13.20518982826695,88.42199773091701
42.45,-165.82352717412485,-13.761431619947654,88.2807214936873
42.46,-165.214740479494,-14.316185932167102,88.13303972640377
42.47,-164.60294205416628,-14.869382758320745,87.97889566790114
42.480000000000004,-163.98800349313296,-15.42095101147033,87.81823031994708
42.49,-163.36979543900375,-15.970818476816772,87.65098246396548
42.5,-162.74818757116276,-16.51891176378668,87.47708868055302
42.51,-162.1230485986375,-17.065156257746896,87.29648337208172
42.52,-161.49424625697534,-17.60947607138061,87.10909878869491
42.53,-160.86164730945316,-18.1517939957538,86.91486505802794
42.54,-160.22511755295335,-18.69203145111797,86.7137102190009
42.550000000000004,-159.584521828876,-19.230108437488905,86.50556026005707
42.56,-158.93972403946645,-19.765943485059466,86.29033916223877
42.57,-158.29058716995843,-20.299453604512816,86.06796894751417
42.58,-157.63697331696966,-20.830554237300472,85.83836973279608
42.59,-156.97874372359317,-21.359159205972734,85.60145979011166
42.6,-156.31575882166382,-21.885180664648477,85.3571556134096
42.61,-155.64787828169113,-22.40852904973311,85.10537199251122
42.62,-154.97496107098834,-22.9291130309914,84.84602209474063
42.63,-154.29686552053587,-23.446839463108354,84.57901755478734
42.64,-153.61344940115274,-23.9616133378741,84.3042685733827
42.65,-152.9245700095581,-24.4733377371532,84.02168402538767
42.660000000000004,-152.23008426494457,-24.981913786801233,83.73117157791866
42.67,-151.52984881668974,-25.48724061171776,83.43263781915238
42.68,-150.82372016665502,-25.989215292780877,83.1259884022033
42.69,-150.1115548121237,-26.48773282697748,82.81112821136999
42.7,-149.3932093680668,-26.98268608281124,82.4879614961296
42.71,-148.66854073403908,-27.47396576358064,82.15639206059868
42.72,-147.93740626960076,-27.96146037190622,81.81632345856025
42.730000000000004,-147.19966398306727,-28.44505617652876,81.46765920074034
42.74,-146.45517273618256,-28.924637182064036,81.11030297761937
42.75,-145.70379246539844,-29.400085102059904,80.74415889847263
42.76,-144.9453844204418,-29.87127933571501,80.36913174732734
42.77,-144.17981142081035,-30.33809694865284,79.98512725649033
42.78,-143.4069381308211,-30.80041265815886,79.59205239827708
42.79,-142.6266313537783,-31.258098823320292,79.18981569552307
42.800000000000004,-141.83876034579708,-31.711025440519833,78.77832755141712
42.81,-141.0431971497385,-32.15906014476572,78.35750059912469
42.82,-140.2398169496369,-32.60206821736222,77.9272500715937
42.83,-139.42849844592723,-33.03991260043565,77.48749419185329
42.84,-138.60912425165395,-33.47245391886147,77.03815458400156
42.85,-137.7815813097415,-33.89955051014591,76.57915670496693
42.86,-136.94576133125202,-34.32105846283885,76.11043029698146
42.87,-136.10156125442188,-34.73683166405555,75.63190986056148
42.88,-135.24888372407705,-35.14672185670431,75.14353514760714
42.89,-134.38763759084958,-35.55057870701317,74.64525167404862
42.9,-133.5177384293915,-35.948249882957086,74.13701125124736
42.910000000000004,-132.63910907457222,-36.33958114417178,73.618772535141
42.92,-131.75168018288687,-36.72441644725447,73.09050160082259
42.93,-130.85539080701247,-37.102598062839796,72.55217252925992
42.94,-129.95018894751328,-37.4739666918012,72.00376796953871
42.95,-129.03603216049683,-37.83836161265444,71.44527975983866
42.96,-128.11288815976764,-38.19562083749278,70.87670954146346
42.97,-127.18073542422135,-38.545581282206804,70.29806937786812
42.980000000000004,-126.23956380809624,-38.88807895162516,69.70938237635114
42.99,-125.28937515061216,-39.22294913986747,69.11068330895127
43.0,-124.33018388118126,-39.550026646120216,68.50201922874133
43.01,-123.36201761605204,-39.869146005949965,67.8834500773826
43.02,-122.38491774188985,-40.18014173817529,67.2550492794535
43.03,-121.39893998150082,-40.48284860719958,66.61690431876207
43.04,-120.40415493659039,-40.77710190059177,65.96911729154418
43.050000000000004,-119.40064860220579,-41.06273772156008,65.311805431198
43.06,-118.38852284726678,-41.33959329582893,64.64510159896646
43.07,-117.36789585540282,-41.60750729227715,63.96915473479507
43.08,-116.33890252020916,-41.866320156532055,63.28413026247753
43.09,-115.30169478894047,-42.11587445655652,62.59021044311783
43.1,-114.25644194868411,-42.35601523909203,61.887594670953206
43.11,-113.20333084911546,-42.58659039565546,61.17649970564983
43.12,-112.1425660561269,-42.8074510366092,60.457159835363164
43.13,-111.07436993085045,-43.01845187166399,59.729826965092016
43.14,-109.99898262896163,-43.21945159500431,58.994770625216
43.15,-108.9166620155752,-43.41031327307789,58.252277895536096
43.160000000000004,-107.82768351139893,-43.590904741553345,57.50265325695871
43.17,-106.73233981361993,-43.76109898605885,56.74621832302885
43.18,-105.6309405128407,-43.9207745150294,55.98331146994862
43.19,-104.52381165321152,-44.06981574348114,55.214287402723386
43.2,-103.41129517749768,-44.208113360264846,54.439516608951784
43.21,-102.29374827429594,-44.335564683810844,53.65938471470141
43.22,-101.17154262834207,-44.45207400380759,52.874291743420265
43.230000000000004,-100.04506357594659,-44.55755290627068,52.08465127992152
43.24,-98.91470916866623,-44.65192057950933,51.290889542556194
43.25,-97.78088914941766,-44.735104098579086,50.493444367786616
43.26,-96.64402384634586,-44.807038685919416,49.6927641124739
43.27,-95.50454299078334,-44.86766794602501,48.889306480223475
43.28,-94.36288446665135,-44.91694407217302,48.08353727914183
43.29,-93.21949299955257,-44.954828023436754,47.27592911926239
43.300000000000004,-92.07481879465564,-44.98128967044744,46.46696005874078
43.31,-90.92931613316095,-44.99630790862362,45.657112208615494
43.32,-89.7834419377189,-44.999870737864086,44.84687030651194
43.33,-88.63765431763576,-44.991975307992284,44.03672027012488
43.34,-87.49241110496241,-44.97262792954489,43.22714774158268
43.35,-86.34816839271495,-44.94184404980739,42.41863663394413
43.36,-85.2053790864231,-44.89964819431169,41.61166769103166
43.37,-84.06449148003973,-44.846073874319345,40.80671707163435
43.38,-82.9259478668692,-44.78116346111461,40.00425496874615
43.39,-81.79018319672025,-44.704968028744794,39.20474427469813
43.4,-80.65762381373638,-44.61754717947007,38.40863931793168
43.410000000000004,-79.52868619303281,-44.51896880683134,37.61638462052055
43.42,-78.40377578565379,-44.40930885039423,36.828413752188034
43.43,-77.2832859541323,-44.2886510316323,36.045148270521466
43.44,-76.16759698114417,-44.15708656104065,35.26699673810655
43.45,-75.05707516742748,-44.0147138246356,34.494353828975626
43.46,-73.95207202277511,-43.86163805228805,33.72759952818002
43.47,-72.85292355278774,-43.69797097040443,32.96709842718186
43.480000000000004,-71.75994964301745,-43.523830441509325,32.21319911669545
43.49,-70.67345354105467,-43.339340093286225,31.466233677538135
43.5,-69.5937214361051,-43.14462893960808,30.726517269043608
43.51,-68.52102213467967,-42.93983099604167,29.994347813661353
43.52,-67.45560683012201,-42.72508489222849,29.270005775475163
43.53,-66.3977089629315,-42.5005334834491,28.553754029600505
43.54,-65.34754416812102,-42.26632346355641,27.84583781870902
43.550000000000004,-64.30531030527179,-42.0226049813326,27.146484792342683
43.56,-63.27118756642219,-41.76953126217335,26.455905124161827
43.57,-62.245338656519486,-41.50725823684398,25.774291701863156
43.58,-61.22790904087281,-41.23594417889214,25.101820384206864
43.59,-60.219027253800554,-40.95574935212592,24.43865031935508
43.6,-59.21880526255474,-40.666835669400406,23.784924318606645
43.61,-58.227338880534056,-40.36936636378006,23.140769279549545
43.62,-57.244708223848434,-40.06350567298404,22.50629665269411
43.63,-56.27097820870849,-39.74941853992992,21.88160294743877
43.64,-55.30619909657067,-39.42727033794142,21.266770277961882
43.65,-54.35040700746654,-39.09722657495624,20.661866905772012
43.660000000000004,-53.40362450495324,-38.75945264420801,20.066947829751573
43.67,-52.46586118974999,-38.41411358602329,19.482055388405517
43.68,-51.53711430014313,-38.06137386237275,18.90721987124315
43.69,-50.61736931935994,-37.70139714693172,18.34246013730008
43.7,-49.70660058587742,-37.334346130491994,17.787784236776787
43.71,-48.80477190299517,-36.96038234148739,17.243190032126474
43.72,-47.91183714432891,-36.579665981312814,16.70866581525933
43.730000000000004,-47.02774085224685,-36.19235577406026,16.184190917887634
43.74,-46.15241882658915,-35.798608830232794,15.669736312360715
43.75,-45.28579870133577,-35.39858052395054,15.165265200664818
43.76,-44.42780050721901,-34.99242438313411,14.670733589585963
43.77,-43.57833721855032,-34.580291992111235,14.186090850317383
43.78,-42.737315282829755,-34.16233290607923,13.711280261083653
43.79,-41.90463513194996,-33.73869457683254,13.246239531605399
43.800000000000004,-41.08019167407035,-33.309522289167035,12.790901308483155
43.81,-40.2638747654438,-32.87495910736045,12.345193660792418
43.82,-39.45556966168155,-32.435145831131045,11.909040545386416
43.83,-38.655157448143264,-31.990220960490646,11.482362251596436
43.84,-37.86251544928429,-31.54032066890733,11.065075825174343
43.85,-37.077517616956285,-31.08557878421519,10.657095471478529
43.86,-36.30003489777132,-30.62612677671433,10.258332938026527
43.87,-35.52993558504097,-30.162093757965135,9.868697878639328
43.88,-34.76708565225262,-29.693606487353367,9.488098198094013
43.89,-34.01134903388238,-29.220789359164588,9.116440364979413
43.9,-33.26258792455439,-28.74376442357543,8.753629719803643
43.910000000000004,-32.52066304808975,-28.262651403951892,8.399570760194553
43.92,-31.78543390716771,-27.77756771764539,8.05416740772687
43.93,-31.056759015289714,-27.28862850069019,7.7173232574188
43.94,-30.3344961117153,-26.795946636028738,7.3889418105713975
43.95,-29.618502360040434,-26.29963278490256,7.06892669163551
43.96,-28.908634531116082,-25.799795421078,6.757181849810936
43.97,-28.20474917099739,-25.296540867588686,6.453611746082524
43.980000000000004,-27.506702754632194,-24.789973335709885,6.158121526406943
43.99,-26.814351825979372,-24.28019496589084,5.870617181753388
44.0,-26.127553125239764,-23.76730587039101,5.59100569569401
44.01,-25.4461637038844,-23.251404177395106,5.319195180233906
44.02,-24.770041028132958,-22.732586076387683,5.055095000548731
44.03,-24.099043071532,-22.21094586459537,4.7986158892867
44.04,-23.433028397249977,-21.686575994311227,4.549670051067361
44.050000000000004,-22.771856230702205,-21.159567120944143,4.308171257795615
44.06,-22.11538652308376,-20.630008151640745,4.07403493538221
44.07,-21.463480006365707,-20.097986294341077,3.84717824243973
44.08,-20.81599824029999,-19.56358710715294,3.627520141504505
44.09,-20.17280365193832,-19.02689454792892,3.414981463305243
44.1,-19.53375956815979,-18.48799102395215,3.209484964580178
44.11,-18.89873024756021,-17.946957446958763,3.0109553813120473
44.12,-18.267580898051786,-17.40387328082046,2.8193194743491654
44.13,-17.64017768034662,-16.858816581328664,2.6345060680942
44.14,-17.01638772421491,-16.311864052033812,2.4564460888363135
44.15,-16.396079132615494,-15.763091093385453,2.28507259698877
44.160000000000004,-15.779120981238833,-15.212571851548093,2.1203208153754347
44.17,-15.165383313841076,-14.660379266896614,1.9621281539190611
44.18,-14.554737133678604,-14.106585122156696,1.8104342310523296
44.19,-13.947054391345574,-13.551260090172521,1.6651808921562814
44.2,-13.342207969283352,-12.994473781275557,1.526312225307976
44.21,-12.740071663225756,-12.436294790244352,1.393774574604414
44.22,-12.140520160815198,-11.876790742838518,1.2675165513096465
44.230000000000004,-11.543429017624469,-11.31602834190835,1.1474890430590694
44.24,-10.948674630791645,-10.754073413073936,1.0336452213362493
44.25,-10.356134210461985,-10.190990949971335,0.9259405474230136
44.26,-9.76568574922916,-9.6268451590775,0.8243327770115231
44.27,-9.177207989740944,-9.061699504114658,0.7287819636504689
44.28,-8.590580390634752,-8.495616750048647,0.6392504611869108
44.29,-8.005683090945743,-7.92865900668678,0.5557029253509198
44.300000000000004,-7.422396873134783,-7.360887771897084,0.4781063146208913
44.31,-6.840603124862449,-6.792363974461405,0.40642989049423695
44.32,-6.260183799626605,-6.223148016576591,0.34064521727784736
44.33,-5.68102137638476,-5.653299816030836,0.28072616150404445
44.34,-5.102998818611484,-5.082878848416997,0.22664889109385183
44.35,-4.525999537256268,-4.511944193740636,0.17839187464361092
44.36,-3.9499073396906343,-3.9405545696122886,0.1359358795112527
44.37,-3.3746063873737286,-3.3687683734137424,0.09926397075785262
44.38,-2.7999811536115344,-2.7966437249089626,0.06836151008090881
44.39,-2.2259163790797634,-2.224238506922991,0.043216154658202284
44.4,-1.6522970269466193,-1.6516104058546566,0.023817856099792454
44.410000000000004,-1.079008237675129,-1.0788169520576718,0.010158859546050508
44.42,-0.5059352835707353,-0.5059155601136981,0.002233702941711275
44.43,0.06703647686221496,0.06703643097870533,3.9216509165646506e-05
44.44,0.640021644681487,0.6399817176636435,0.0035745224374468675
44.45,1.213134826327214,1.2128629917145133,0.012841034796190443
44.46,1.7864906794321316,1.7856229001147348,0.027842459677207967
44.47,2.3602039585638455,2.3582040049109985,0.04858479555959812
44.480000000000004,2.934389560826443,2.9305487430033756,0.07507633388729662
44.49,3.509162571258941,3.5025993858481055,0.10732765984117375
44.5,4.084638307966549,4.074297999049231,0.14535165328112393
44.51,4.6609323669070495,4.645586401804135,0.18916348982587486
44.52,5.238160666266231,5.216406126182766,0.23878064203168578
44.53,5.816439490341577,5.786698376209482,0.294222880623035
44.54,6.395885532861126,6.3564039867284485,0.3555122757216207
44.550000000000004,6.976615939645589,6.9254633820200775,0.4226731980108624
44.56,7.558748350528428,7.493816534148254,0.49573231976575205
44.57,8.14240094044298,8.061402921019047,0.5747186156696538
44.58,8.727692458747152,8.628161483344535,0.6596633631526538
44.59,9.314742267316173,9.194030581142423,0.7506001421884637
44.6,9.903670382362199,9.758947954486429,0.8475648357001074
44.61,10.494597509181304,10.322850678352541,0.9505956282157132
44.62,11.087645077237925,10.885675118772664,1.0597330040676636
44.63,11.68293527385041,11.447356888739895,1.1750197447323398
44.64,12.280591076164738,12.007830803700113,1.2965009251279538
44.65,12.880736281260173,12.567030836627263,1.4242239087082522
44.660000000000004,13.483495534204028,13.124890072668173,1.5582383411739433
44.67,14.088994353872007,13.68134066335716,1.6985961426121385
44.68,14.697359156337193,14.236313780403558,1.8453514978599634
44.69,15.308717275604648,14.789739569047994,1.9985608448705694
44.7,15.923196981468369,15.341547101000797,2.15828286084726
44.71,16.540927494239618,15.89166432696923,2.3245784458919982
44.72,17.162038996090953,16.440018028795702,2.4975107039002973
44.730000000000004,17.78666263872748,16.98653377122063,2.6771449204123305
44.74,18.414930547090687,17.531135853299837,2.863548537114312
44.75,19.046975818781203,18.073747259512565,3.0567911226648676
44.76,19.682932518854187,18.614289610591417,3.2569443394970126
44.77,20.32293566963617,19.152683114126496,3.464081906229874
44.78,20.967121235177938,19.68884651499246,3.678279555298747
44.79,21.615626099948898,20.22269704566626,3.899614985393893
44.800000000000004,22.268588041339697,20.75415037649873,4.12816780827046
44.81,22.926145695533016,21.28312056602954,4.364019489469612
44.82,23.588438516981256,21.809520012670696,4.607253281902116
44.83,24.255606728976915,22.333259404380975,4.857954153447465
44.84,24.927791266215564,22.854247668846007,5.116208706801345
44.85,25.605133709593137,23.372391925685015,5.382105090446782
44.86,26.287776211366065,23.887597438549395,5.655732901247791
44.87,26.975861410492534,24.399767567976028,5.9371830777124535
44.88,27.669532337553573,24.908803725168877,6.226547783308626
44.89,28.36893230861868,25.41460532688786,6.523920279189929
44.9,29.074204807416063,25.91706975165096,6.8293947856767625
44.910000000000004,29.785493355133625,26.4160922974604,7.143066331813449
44.92,30.502941367176604,26.91156614129224,7.465030592314317
44.93,31.226691996197225,27.403382300608147,7.7953837112011914
44.94,31.956887960690214,27.891429597157835,8.134222111421206
44.95,32.69367135846291,28.37559462337426,8.481642289738978
44.96,33.43718346427648,28.85576171167502,8.837740596192925
44.97,34.1875645109772,29.33181290701523,9.202612997420342
44.980000000000004,34.944953453432944,29.803627943047612,9.576354823161807
44.99,35.70948771462665,30.271084222278045,9.959060495284287
45.0,36.481302913288694,30.73405680062774,10.350823238693188
45.01,37.260532572475356,31.192418376826954,10.75173477353589
45.02,38.04730780856857,31.646039287099462,11.161884988158537
45.03,38.84175700021926,32.09478750561045,11.581361592332188
45.04,39.64400543684521,32.53852865118077,12.010249750346112
45.050000000000004,40.454174947047186,32.97712600164665,12.448631693666632
45.06,41.27238350914137,33.41044051954754,12.89658631303253
45.07,42.098744829534816,33.838330871657845,13.354188729408955
45.08,42.93336790962833,34.260653468835244,13.821509844516587
45.09,43.776356590497876,34.67726251322221,14.298615870771355
45.1,44.62780907630877,35.08801005405266,14.785567841005394
45.11,45.48781743783565,35.49274605367744,15.282421098548102
45.12,46.35646709683892,35.891318464399625,15.789224768415712
45.13,47.233836292297916,36.28357331671722,16.306021210597685
45.14,48.119995529731376,36.66935481955274,16.832845456665975
45.15,49.015007015118655,37.04850547304052,17.369724631209095
45.160000000000004,49.91892407519744,37.42086619440994,17.916677359864288
45.17,50.831790566231504,37.78627645747901,18.473713166031896
45.18,51.75364027365864,38.14457444623411,19.040831858672394
45.19,52.68449630533791,38.49559722291493,19.618022913903523
45.2,53.624370481477094,38.83918091097655,20.205264853466968
45.21,54.57326272464584,39.17516089322422,20.802524623466695
45.22,55.53116045364568,39.50337202534647,21.40975697713915
45.230000000000004,56.498037985326945,39.823648864973904,22.026903865743723
45.24,57.47385594879647,40.13582591629893,22.653893842008443
45.25,58.458560716780596,40.43973789018061,23.29064148088677
45.26,59.452083859186835,40.73521997953134,23.937046822667433
45.27,60.454341624202755,41.022108149658735,24.59299484376548
45.28,61.46523445248492,41.30023944308904,25.258354960744118
45.29,62.48464653472116,41.569452303658906,25.93298057484496
45.300000000000004,63.51244540928863,41.829586908521314,26.616708659972478
45.31,64.54848159989093,42.080485499177215,27.30935939774029
45.32,65.59258832714472,42.32199274396546,28.010735875041075
45.33,66.6445812763837,42.553956102920004,28.720623842242816
45.34,67.70425843367373,42.776226200792884,29.438791539779743
45.35,68.77139999565573,42.98865720675527,30.164989598675778
45.36,69.84576835840576,43.1911072189947,30.89895102018081
45.37,70.92710819004506,43.383438652265454,31.640391239252242
45.38,72.01514659133116,43.56551862630898,32.389008276103844
45.39,73.10959334781532,43.73721935292618,33.14448297940492
45.4,74.2101412764537,43.89841851937318,33.9064793640084
45.410000000000004,75.31646666872349,44.04899966565282,34.67464504525866
45.42,76.42822983142887,44.188852553208015,35.44861177105667
45.43,77.5450757254192,44.31787352247582,36.2279960518981
45.44,78.66663470140251,44.43596583674199,37.012399888066646
45.45,79.7925233309997,44.54304000975122,37.80141159211993
45.46,80.92234533007442,44.63901411456947,38.59460670370051
45.47,82.05569257029529,44.72381407127386,39.391548992620365
45.480000000000004,83.19214617377312,44.7973739111509,40.19179154506116
45.49,84.33127768457972,44.859636015228006,40.99487792669019
45.5,85.47265030995358,44.91055132513467,41.800343415490254
45.51,86.6158202230415,44.95007952449055,42.607716296152724
45.52,87.76033791867354,44.97818918982672,43.41651920737288
45.53,88.90574962136253,44.99485792131701,44.22627053853
45.54,90.05159870116381,45.00007240915173,45.03648584253505
45.550000000000004,91.19742712685769,44.99382848428198,45.84667928020709
45.56,92.34277693319069,44.97613113918273,46.65636507788898
45.57,93.48719168362409,44.946994508904915,47.46505898194163
45.58,94.63021792134465,44.906441817539296,48.272279701497936
45.59,95.77140659749647,44.85450529057172,49.07755032842669
45.6,96.91031446589459,44.79122603391124,49.88039972376533
45.61,98.04650543397925,44.7166538806612,50.68036386037182
45.62,99.17955186035428,44.630847206976945,51.47698711213906
45.63,100.30903579001975,44.533872718603824,52.269823480873804
45.64,101.4345501192362,44.425805209917364,53.05843775277529
45.65,102.55569968291756,44.306727297484976,53.842406577401796
45.660000000000004,103.67210225843091,44.17672913034101,54.62131946300376
45.67,104.78338948076443,44.03590807930265,55.39477968317728
45.68,105.88920766511427,43.88436840776077,56.16240509088217
45.69,106.98921853401745,43.72222092645443,56.923828836950946
45.7,108.08309984727407,43.54958263477684,57.67869999132413
45.71,109.17054593394049,43.36657635117198,58.42668406629083
45.72,110.25126812671128,43.17333033515858,59.167463442043875
45.730000000000004,111.32499509993474,42.96997790347409,59.90073769579433
45.74,112.39147311341243,42.75665704275503,60.62622383658819
45.75,113.45046616493231,42.533510021073226,61.34365644876813
45.76,114.50175605775897,42.30068300466254,62.05278775091006
45.77,115.54514238679627,42.05832568195844,62.75338757456237
45.78,116.58044242641515,41.80659086066485,63.44524323953302
45.79,117.60749096714962,41.545634105781296,64.12815938210684
45.800000000000004,118.62614007832804,41.2756133769424,64.80195770829378
45.81,119.63625880784903,40.99668867437353,65.46647668394745
45.82,120.63773282583554,40.709021695984006,66.12157116863716
45.83,121.63046401812623,40.41277550669603,66.76711199923294
45.84,122.61437003557631,40.1081142209335,67.40298552916515
45.85,123.58938380503692,39.79520269903739,68.02909312922557
45.86,124.55545300775913,39.47420625821123,68.64535065564638
45.87,125.51253953075096,39.1452903984593,69.25168789098399
45.88,126.46061889640183,38.80862054383231,69.84804796311307
45.89,127.3996796753974,38.46436179917051,70.43438674734978
45.9,128.32972288766507,38.11267872240795,71.01067225643483
45.910000000000004,129.25076139574568,37.75373511240023,71.57688402277017
45.92,130.16281929466936,37.387693812132696,72.13301247697898
45.93,131.06593130207042,37.01471652707817,72.67905832651434
45.94,131.9601421519117,36.63496365840309,73.21503193768588
45.95,132.84550599486724,36.24859415064525,73.74095272414199
45.96,133.72208580805832,35.85576535343714,74.25684854449918
45.97,134.58995281652696,35.45663289679302,74.76275511149107
45.980000000000004,135.44918592849604,35.05135057945008,75.2587154146844
45.99,136.29987118618465,34.64007026972011,75.74477915852343
46.0,137.14210123671046,34.22294182630894,76.22100222511955
46.01,137.97597481489342,33.80011301571638,76.68744614042667
46.02,138.80159624595316,33.37172943976948,77.14417755876025
46.03,139.61907497344293,32.93793448705601,77.59126778060309
46.04,140.42852510499225,32.498869287563274,78.02879228435465
46.050000000000004,141.23006497888895,32.054672676295795,78.45683027864874
46.06,142.02381675168755,31.60548116528764,78.87546427541461
46.07,142.80990600687963,31.15142892343789,79.2847796837076
46.08,143.58846138451406,30.692647763621505,79.68486442419257
46.09,144.35961423155834,30.229267136534702,80.07580856405903
46.1,145.12349827267474,29.761414130761565,80.45770397203623
46.11,145.88024930101642,29.289213478560637,80.83064399309922
46.12,146.63000488855386,28.812787566903502,81.19472314237329
46.13,147.3729041154029,28.332256453307895,81.55003681769402
46.14,148.10908731756098,27.84773788604026,81.89668103022328
46.15,148.83869585243383,27.359347328275952,82.23475215248982
46.160000000000004,149.5618718814876,26.86719798584054,82.56434668318472
46.17,150.2787581693549,26.371400838168757,82.88556102802737
46.18,150.98949789870844,25.872064672140123,83.19849129600411
46.19,151.69423450019553,25.369296118482076,83.5032331102669
46.2,152.39311149675063,24.86319969044909,83.7998814330061
46.21,153.08627236296783,24.353877825898202,84.08853040677104
46.22,153.77386039440646,23.841430928199006,84.3692732017875
46.230000000000004,154.4560185901099,23.325957409357105,84.64220187661613
46.24,155.13288954845905,22.80755373613534,84.9074072539087
46.25,155.80461537306567,22.28631447635337,85.16497880463973
46.26,156.4713375890282,21.762332346101683,85.41500454222752
46.27,157.13319706895132,21.235698257697813,85.65757092592996
46.28,157.79033396813716,20.706501368237927,85.89276277291624
46.29,158.4428876683937,20.17482912860045,86.12066317844392
46.300000000000004,159.09099672991115,19.640767332784826,86.34135344358714
46.31,159.73479885069455,19.104400167470338,86.55491300999088
46.32,160.37443083306428,18.56581026169146,86.7614194011493
46.33,161.01002855674676,18.025078736547798,86.96094816972543
46.34,161.64172695811712,17.48228525486335,87.15357285045889
46.35,162.26966001516607,16.937508070730075,87.33936491822715
46.36,162.89396073779824,16.390824078868572,87.51839375085207
46.37,163.5147611630752,15.842308863760886,87.6907265962618
46.38,164.13219235505386,15.29203674850379,87.85642854364333
46.39,164.746384408879,14.740080843349052,88.01556249823999
46.4,165.35746645882134,14.186513093892344,88.16818915946993
46.410000000000004,165.96556668993395,13.63140432897174,88.31436700217647
46.42,166.57081235164043,13.074824312899258,88.45415226763077
46.43,167.1733297771255,12.516841786669884,88.587598941382
46.44,167.77324440498447,11.957524513079226,88.7147587395451
46.45,168.37068080221346,11.396939325435739,88.83568110306229
46.46,168.96576269024044,10.835152173305119,88.95041318998642
46.47,169.55861297317816,10.272228167821044,89.05899986931948
46.480000000000004,170.1493537681035,9.708231626573488,89.16148371621475
46.49,170.7381064371952,9.143226118077683,89.25790500836825
46.5,171.32499162157023,8.577274505829488,89.34830172343771
46.51,171.91012927666085,8.01043899196642,89.43270953733757
46.52,172.4936387089984,7.44278116054183,89.51116182327289
46.53,173.07563861426695,6.874362020432897,89.58368965138455
46.54,173.65624711651182,6.305242047893577,89.65032178889017
46.550000000000004,174.23558180838026,5.735481228779361,89.71108470061368
46.56,174.81375979229122,5.165139100460822,89.76600254980762
46.57,175.39089772243793,4.594274793444172,89.81509719918134
46.58,175.96711184752132,4.022947072729526,89.85838821205608
46.59,176.5425180541325,3.451214378924334,89.89589285357802
46.6,177.1172319106957,2.8791348691417404,89.92762609192685
46.61,177.6913687118991,2.306766457702928,89.95360059946742
46.62,178.26504352350892,1.7341668567101818,89.97382675398383
46.63,178.83837122677102,1.1613936174403054,89.98831264551455
46.64,179.41146656450394,0.5885041692067013,89.99706406927903
46.65,179.9844441869691,0.015555859501721104,90.00008452557644
46.660000000000004,-179.44258130263123,-0.5573940053987431,89.99737522269773
46.67,-178.86949530233753,-1.130288120318228,89.98893507704008
46.68,-178.29618316561115,-1.7030691410670742,89.97476071299302
46.69,-177.7225301555778,-2.2756796442983886,89.95484646259973
46.7,-177.1484213993956,-2.8480620873111366,89.92918436500327
46.71,-176.57374184281824,-3.42015876776766,89.89776416569444
46.72,-175.99837620501373,-3.9919117833045785,89.86057331558543
46.730000000000004,-175.4222089337164,-4.5632629910021185,89.81759696993973
46.74,-174.84512416078033,-5.134153966688729,89.76881798719657
46.75,-174.2670056582057,-5.704525964058402,89.7142169277351
46.76,-173.68773679472534,-6.2743198735673245,89.65377205263164
46.77,-173.10720049302736,-6.843476181091475,89.58745932247072
46.78,-172.5252791877078,-7.411934926316261,89.51525239627938
46.79,-171.9418547840396,-7.979635660841618,89.43712263066165
46.800000000000004,-171.35680861766616,-8.5465174059729,89.3530390792204
46.81,-170.77002141532154,-9.112518610180548,89.26296849236233
46.82,-170.1813732566878,-9.677577106212818,89.16687531759035
46.83,-169.59074353770774,-10.241630067775752,89.06472170076306
46.84,-168.99801093887035,-10.804613964766556,88.95646749474196
46.85,-168.4030533862514,-11.366464521003145,88.84207025180679
46.86,-167.80574801931462,-11.927116669634183,88.72148522763214
46.87,-167.20597116181705,-12.486504507831963,88.5946653885577
46.88,-166.60359829344114,-13.044561251501436,88.46156141766028
46.89,-165.99850402363458,-13.601219189556923,88.32212172236885
46.9,-165.39056206784997,-14.156409637772203,88.17629244382452
46.910000000000004,-164.7796452264054,-14.71006289219915,88.0240174682043
46.92,-164.16562536618957,-15.262108182165061,87.86523844024143
46.93,-163.54837340545075,-15.812473622862933,87.69989477919141
46.94,-162.92775930193832,-16.36108616754252,87.52792369751268
46.95,-162.30365204466696,-16.907871559328697,87.34926022254568
46.96,-161.67591964960434,-17.45275428268815,87.16383722149568
46.97,-161.0444291595906,-17.995657514582216,86.97158543004093
46.980000000000004,-160.40904664883186,-18.536503075336277,86.77243348491211
46.99,-159.76963723231964,-19.075211379274332,86.56630796080746
47.0,-159.1260650805484,-19.611701385174253,86.35313341202797
47.01,-158.47819343993808,-20.145890546597087,86.1328324192444
47.02,-157.82588465937604,-20.67769476216554,85.90532564182496
47.03,-157.1690002233273,-21.207028325865586,85.67053187618046
47.04,-156.5074007923142,-21.733803877578442,85.4283681212014
47.050000000000004,-155.84094625511412,-22.257932355202527,85.17874965780044
47.06,-155.16949577789748,-22.779322943433623,84.92159011628841
47.07,-154.49290786928114,-23.297883025428288,84.65680156549344
47.08,-153.81104045510924,-23.81351813523701,84.3842946112319
47.09,-153.1237509616452,-24.326131910541683,84.10397850165307
47.1,-152.43089640909946,-24.835626046291996,83.81576124244178
47.11,-151.73233351611026,-25.341900249427628,83.51954972251264
47.12,-151.02791881583357,-25.844852194876704,83.21524985085622
47.13,-150.31750878429557,-26.344377483051435,82.90276670520645
47.14,-149.60095998169024,-26.84036959907013,82.58200469321861
47.15,-148.87812920730212,-27.332719873963782,82.25286772685283
47.160000000000004,-148.1488736687588,-27.821317448133087,81.91525941067309
47.17,-147.41305116630818,-28.306049237352333,81.56908324476936
47.18,-146.6705202928133,-28.786799901637806,81.21424284300817
47.19,-145.92114065016543,-29.263451817310717,80.85064216731733
47.2,-145.164773082784,-29.735885052619246,80.4781857786881
47.21,-144.40127992886678,-30.20397734729733,80.09677910556366
47.22,-143.63052529000902,-30.667604096470573,79.70632873024746
47.230000000000004,-142.85237531979,-31.126638339330675,79.30674269393461
47.24,-142.06669853186463,-31.58095075303236,78.89793082091448
47.25,-141.2733661288793,-32.03040965253533,78.47980506340966
47.26,-140.47225235865815,-32.474880998641694,78.05227987425381
47.27,-139.66323487090185,-32.914228406848636,77.61527257652438
47.28,-138.84619510986957,-33.34831316781968,77.16870377172351
47.29,-138.02101872755523,-33.7769942754968,76.71249776785572
47.300000000000004,-137.18759601595602,-34.20012846300627,76.24658302597496
47.31,-136.34582236019787,-34.61757024750845,75.7708926273154
47.32,-135.49559871217244,-35.029171984583996,75.28536476067056
47.33,-134.63683208417018,-35.43478393274667,74.7899432295088
47.34,-133.7694360617686,-35.834254328685205,74.28457797809607
47.35,-132.89333133502547,-36.22742947382389,73.76922563568043
47.36,-132.0084462467671,-36.614153832791715,73.24385007754029
47.37,-131.1147173565189,-36.994270144363284,72.7084230014455
47.38,-130.21209001832312,-37.36761954542325,72.16292451778847
47.39,-129.3005189704079,-37.73404170846824,71.6073437513526
47.4,-128.37996893433882,-38.093374993129565,71.04167945236114
47.410000000000004,-127.45041522098239,-38.44545661214414,70.46594061413771
47.42,-126.51184434025446,-38.79012281215173,69.88014709436052
47.43,-125.56425461128369,-39.12720906963062,69.28433023654966
47.44,-124.60765676929259,-39.45655030219994,68.67853348809166
47.45,-123.64207456513243,-39.77798109543864,68.06281301074766
47.46,-122.66754537974964,-40.09133592746135,67.43723829250423
47.47,-121.68412069695064,-40.39644951092224,66.80189268818461
47.480000000000004,-120.69186681180885,-40.69315692886036,66.15687404478082
47.49,-119.69086523059555,-40.9812940190739,65.50229518020961
47.5,-118.68121319909538,-41.26069765200606,64.83828440285221
47.51,-117.66302415551455,-41.531206047513784,64.1649859745123
47.52,-116.63642813951022,-41.79265910484287,63.48256052936451
47.53,-115.60157215139297,-42.04489874488923,62.791185442947636
47.54,-114.55862045551532,-42.287769263663215,62.091055145225354
47.550000000000004,-113.50775482194186,-42.52111769569786,61.38238137181098
47.56,-112.44917470061566,-42.74479418597534,60.665393347578224
47.57,-111.38309732246249,-42.958652368777095,59.9403378971073
47.58,-110.30975772221475,-43.16254975169315,59.20747947674887
47.59,-109.2294086781281,-43.356348102875515,58.467100123488166
47.6,-108.1423205642983,-43.53991383946833,57.71949931631854
47.61,-107.04878111187536,-43.713118415018585,56.96499374643113
47.62,-105.94909507620648,-43.8758387035494,56.20391699325192
47.63,-104.84358380770708,-44.02795737788556,55.43661910413451
47.64,-103.73258472515921,-44.169363279742484,54.66346607640995
47.65,-102.61645069106666,-44.2999517790445,53.884839241431386
47.660000000000004,-101.49554928973414,-44.41962511991208,53.1011345512817
47.67,-100.37026201155798,-44.528292751594584,52.31276177123204
47.68,-99.24098335124926,-44.625871644111335,51.52014358442188
47.69,-98.10811979249502,-44.712286571636746,50.723714588545754
47.7,-96.97208872995193,-44.78747038257179,49.92392022526772
47.71,-95.83331730994793,-44.85136424263772,49.12121562896192
47.72,-94.69224119886135,-44.9039178498649,48.31606440343932
47.730000000000004,-93.5493032887348,-44.94508962035524,47.508937335880596
47.74,-92.40495234897374,-44.974846843211246,46.70031105683213
47.75,-91.25964163372693,-44.9931658032746,45.890666655869154
47.76,-90.1138274551883,-45.00003187058829,45.08048826316567
47.77,-88.96796773351478,-44.995439555784664,44.27026160767412
47.78,-87.82252053441087,-44.97939253090373,43.46047256296726
47.79,-86.67794260558435,-44.951903615454086,42.65160569195537
47.800000000000004,-85.53468792332325,-44.912994727841976,41.844142801728175
47.81,-84.39320626027514,-44.862696802603814,41.03856151960997
47.82,-83.25394178553594,-44.801049674312836,40.23533390143487
47.83,-82.11733170812181,-44.72810192949227,39.43492508286512
47.84,-80.98380496830215,-44.64391072571085,38.63779197995593
47.85,-79.85378099375275,-44.548541582612074,37.844382053383086
47.86,-78.72766852427398,-44.44206814489926,37.055132141478104
47.870000000000005,-77.60586451278387,-44.324571919442135,36.27046736965164
47.88,-76.48875310907982,-44.196141988770655,35.49080014262751
47.89,-75.37670473156462,-44.05687470326589,34.71652922468915
47.9,-74.2700752310661,-43.906873354470186,33.94803891206858
47.910000000000004,-73.16920514975548,-43.746247832014745,33.18569830049024
47.92,-72.07441907709787,-43.575114266710244,32.42986064980583
47.93,-70.98602510368346,-43.393594662357536,31.680862846576648
47.94,-69.90431437279285,-43.20181651882354,30.939024964456642
47.95,-68.82956072855755,-42.99991244887975,30.204649921246183
47.96,-67.76202045870532,-42.788019791233516,29.478023230607807
47.97,-66.7019321317717,-42.56628022297626,28.75941284736284
47.980000000000004,-65.64951652990548,-42.33483937534824,28.04906910575826
47.99,-64.60497663363583,-42.09384644188379,27.34722472120966
48.0,-63.56849771557343,-41.84345380075624,26.65409489064756
48.01,-62.540247502270894,-41.583816641900384,25.96987746318097
48.02,-61.520376402938304,-41.31509260178417,25.294753178350554
48.03,-60.509017801049495,-41.037441407857614,24.628885967385198
48.04,-59.50628840293019,-40.75102453396616,23.972423311562636
48.050000000000004,-58.51228863737191,-40.45600486785127,23.3254966517187
48.06,-57.527103100298795,-40.1525463916876,22.688221842940244
48.07,-56.55080103858767,-39.84081387644184,22.060699648549967
48.08,-55.58343686729561,-39.52097259068674,21.443016267638516
48.09,-54.62505071471094,-39.19318802434574,20.8352438905697
48.1,-53.67566898989575,-38.85762562770869,20.23744127712988
48.11,-52.735304967636466,-38.51445056592049,19.64965435224839
48.120000000000005,-51.803959388120454,-38.16382748964012,19.071916815906643
48.13,-50.8816210695667,-37.80592032280767,18.504250764513262
48.14,-49.968267502428546,-37.44089205919579,17.946667301623595
48.15,-49.06386546534833,-37.06890458013518,17.39916716344037
48.160000000000004,-48.16837163330526,-36.69011848593199,16.861741338226757
48.17,-47.28173317836819,-36.30469294148734,16.334371678910312
48.18,-46.40388836145592,-35.9127855360221,15.817031506902596
48.19,-45.53476711269631,-35.514552156441155,15.309686204727694
48.2,-44.67429159826915,-35.1101468738226,14.812293795355862
48.21,-43.82237677193705,-34.699721842493176,14.324805506450716
48.22,-42.97893090973541,-34.28342721111971,13.84716631801298
48.230000000000004,-42.143856126582065,-33.861411045239905,13.37931549218365
48.24,-41.31704887379669,-33.433819260637144,12.921187084207203
48.25,-40.49840041675026,-33.00079556695954,12.472710433785096
48.26,-39.687797292089826,-32.56248142099218,12.033810636268278
48.27,-38.88512174638436,-32.1190159901066,11.604408994593367
48.28,-38.09025215815053,-31.67053612660118,11.18442345290366
48.29,-37.3030634165838,-31.21717633872618,10.773768996685138
48.300000000000004,-36.52342730094318,-30.75906877958537,10.372358044774696
48.31,-35.75121283422248,-30.29634324055786,9.980100817983422
48.32,-34.986286615278416,-29.829127150484684,9.59690568694536
48.33,-34.228513130886896,-29.357545580650598,9.222679500216561
48.34,-33.4777550481859,-28.88172125507811,8.85732789309689
48.35,-32.733873488042015,-28.401774565682192,8.50075557771724
48.36,-31.996728279912176,-27.917823591847725,8.15286661497803
48.370000000000005,-31.266178198831888,-27.429984124026372,7.813564668974435
48.38,-30.5420811851762,-26.938369690963373,7.482753244567099
48.39,-29.824294547862994,-26.443091590187432,7.160335908780185
48.4,-29.112675151696894,-25.94425892142902,6.846216496730133
48.410000000000004,-28.407079589542498,-25.441978622642583,6.540299302788348
48.42,-27.707364342127466,-24.93635550980704,6.242489258633821
48.43,-27.01338592758887,-24.427492321401015,5.9526920994120465
48.44,-26.325001018695627,-23.915489751115032,5.670814508612481
48.45,-25.642066566707587,-23.40044649516236,5.39676425975881
48.46,-24.964439908964728,-22.88245929789445,5.130450344664667
48.47,-24.291978864529646,-22.36162299794296,4.87178309067275
48.480000000000004,-23.624541819376876,-21.838030575299406,4.62067426791343
48.49,-22.96198780173455,-21.311773199160672,4.377037187201948
48.5,-22.30417654816292,-20.78294027638351,4.140786789172232
48.51,-21.650968560944783,-20.25161950041556,3.9118397252277965
48.52,-21.002225157323274,-19.717896900571162,3.690114430860863
48.53,-20.357808511112136,-19.18185689154263,3.4755311918721503
48.54,-19.717581687167037,-18.643582323039432,3.2680122039955903
48.550000000000004,-19.081408669198733,-18.103154529471357,3.0674816264139393
48.56,-18.44915438137275,-17.560653379591812,2.873865629623257
48.57,-17.820684704513848,-17.016157326368514,2.687092438202812
48.58,-17.195866499409668,-16.469743467569234,2.507092372467568
48.59,-16.574567586430803,-15.921487572766829,2.333797873855617
48.6,-15.956656761275498,-15.371464144934345,2.167143539073571
48.61,-15.342003789398037,-14.819746467252399,2.007066145133162
48.620000000000005,-14.730479398532072,-14.266406651347287,1.8535046716777874
48.63,-14.121955267527088,-13.711515685156836,1.7064003202499118
48.64,-13.516304011775164,-13.155143480398841,1.5656965307875985
48.65,-12.913399165499762,-12.597358919633278,1.4313389956232496
48.660000000000004,-12.313115161146436,-12.038229902900362,1.303275671236387
48.67,-11.715327306111288,-11.477823393931635,1.18145678799858
48.68,-11.119911757016078,-10.916205465924275,1.0658348581300214
48.69,-10.526745491739876,-10.353441346886504,0.9563646820753641
48.7,-9.935706279388318,-9.789595464550999,0.853003353488669
48.71,-9.346672648380888,-9.224731490867267,0.7557102630059813
48.72,-8.759523855866572,-8.658912389021939,0.6644471014391777
48.730000000000004,-8.174139858809633,-8.092200463277003,0.579177862354229
48.74,-7.590401260005602,-7.524657385545895,0.49986884034560153
48.75,-7.008189277678605,-6.956344245463518,0.4264886328139413
48.76,-6.427385707336403,-6.387321593849626,0.35900814003225606
48.77,-5.8478728816585805,-5.81764948495828,0.29740056465834197
48.78,-5.269533629442367,-5.247387518413734,0.24164141094152444
48.79,-4.692251233700616,-4.676594880848062,0.1917084837114885
48.800000000000004,-4.115909389014517,-4.105330387270901,0.1475818872295771
48.81,-3.5403921582265734,-3.5336525221915593,0.10924402397304835
48.82,-2.965583928554365,-2.961619480514499,0.07667959341483609
48.83,-2.391369367212599,-2.3892892082413173,0.04987559085419592
48.84,-1.817633376612858,-1.8167194429989018,0.028821306344877753
48.85,-1.244261049218491,-1.2439677544252183,0.013508323760790687
48.86,-0.6711376221180404,-0.67109158443339,0.003930520031360032
48.870000000000005,-0.09814843139254874,-0.09814828738921672,8.40645722342293e-05
48.88,0.47482113366092976,0.4748048297737658,0.0019674189295174733
48.89,1.0478856763884514,1.047710467477436,0.009581336649129961
48.9,1.6211598386490111,1.6205112934246975,0.022928863376058865
48.910000000000004,2.1947583466374914,2.1931499025060304,0.04201533718140459
48.92,2.7687960565881298,2.7655687766509374,0.06684838910814801
48.93,3.343387986355139,3.3377102307285664,0.09743794311628688
48.94,3.9186493711651607,3.909516382748391,0.13379621703968575
48.95,4.494695722436282,4.480929127204949,0.17593772457376797
48.96,5.071642861032748,5.051890083186305,0.22387927599872184
48.97,5.649606961290818,5.622340553509293,0.27763997939569823
48.980000000000004,6.228704594493464,6.192221483636702,0.33724124187605636
48.99,6.809052771714667,6.761473420354988,0.40270677076384886
49.0,7.390768985949156,7.330036470191816,0.4740625746638895
49.01,7.973971253426638,7.897850257542483,0.5513369643379974
49.02,8.558778154017846,8.464853882489436,0.6345605533046842
49.03,9.14530887062153,9.030985878289032,0.7237662580670482
49.04,9.733683227425882,9.596184168512384,0.8189892978655336
49.050000000000004,10.324021726915282,10.160386023814494,0.9202671938400705
49.06,10.916445585496307,10.723528018319055,1.0276397674770466
49.07,11.511076767607548,11.28554598560791,1.1411491382057248
49.08,12.108038018156009,11.846374974295369,1.2608397199949208
49.09,12.707452893126659,12.405949203183681,1.386758216790966
49.1,13.309445788188336,12.964202015987546,1.518953616622964
49.11,13.914141965118686,13.521065835629434,1.6574771841901332
49.120000000000005,14.521667575842734,14.076472118096715,1.8023824517286748
49.13,15.13214968549524,14.630351307362162,1.9537252082867196
49.14,15.745716305074872,15.182632801246388,2.111563489613566
49.15,16.362496383615152,15.73324488220723,2.2759575577361777
49.160000000000004,16.982619825564182,16.28211467437577,2.4469698835561315
49.17,17.606217503063323,16.829168098699075,2.624665126328976
49.18,18.23342126081621,17.374329824448644,2.809110109157107
49.19,18.864363916759356,17.91752322040109,3.000373790899926
49.2,19.499179258209324,18.458670305734195,3.198527234162058
49.21,20.13800203312837,18.997691700677464,3.403643568996052
49.22,20.78096793614172,19.53450657697448,3.6157979519382204
49.230000000000004,21.428213588902324,20.069032608208975,3.835067519969252
49.24,22.079876514388445,20.601185920065745,4.0615313389723005
49.25,22.736095104697164,21.13088104060697,4.295270346238505
49.26,23.397008581860295,21.658030850643662,4.536367286541887
49.27,24.0627569512018,22.18254653430603,4.784906641287362
49.28,24.73348094671917,22.70433752991745,5.0409745502073235
49.29,25.40932196796076,23.223311481299344,5.304658725063462
49.300000000000004,26.09042200783126,23.7393741896344,5.576048354780977
49.31,26.776923570747996,24.252429566039723,5.855234001424483
49.32,27.468969580549096,24.762379585016404,6.142307486403418
49.33,28.166703277520224,25.269124238947015,6.437361766268582
49.34,28.87026811222681,25.772561500524052,6.74049080029041
49.35,29.579807625133675,26.272587284728218,7.051789405857321
49.36,30.295465278545496,26.769095384724345,7.371353089398064
49.370000000000005,31.01738431804717,27.261977444500843,7.699277878668637
49.38,31.74570760600382,27.751122922529436,8.035660136708135
49.39,32.48057743946199,28.236419057384612,8.38059636104648
49.4,33.22213535241957,28.717750836174172,8.734182967678256
49.410000000000004,33.970521901780266,29.195000966119842,9.096516059103958
49.42,34.725876436306386,29.668049849639644,9.467691175746054
49.43,35.48833684791808,30.136775563315805,9.847803030073903
49.44,36.258039304696204,30.601053841143113,10.236945222790451
49.45,37.03511796500147,31.060758062487704,10.635209940479777
49.46,37.81970467215482,31.51575924519977,11.042687634154209
49.47,38.611928629197166,31.96592604435547,11.45946667820578
49.480000000000004,39.41191605329765,32.411124757113726,11.885633009327154
49.49,40.21978980947831,32.851219334203655,12.32126974505858
49.5,41.03566902342104,33.286071398577754,12.766456781715709
49.51,41.85966867322024,33.715540271774984,13.221270371557805
49.52,42.69189916009344,34.13948300856471,13.685782679196063
49.53,43.53246585819312,34.55775444044676,14.160061317379906
49.54,44.38146864398999,34.97020722871985,14.644168862526483
49.550000000000004,45.23900141425616,35.37669193463956,15.13816235364243
49.56,46.10515156587037,35.77705708492093,15.642092765316297
49.57,46.97999946420075,36.1711492542467,16.156004464896785
49.58,47.86361790160796,36.55881316560675,16.679934655374808
49.59,48.756071535642356,36.93989179941591,17.213912801025398
49.6,49.657416313074336,37.31422651557519,17.757960039105754
49.61,50.567698881767924,37.681657189003005,18.31208857960815
49.620000000000005,51.48695599269671,38.04202235911631,18.87630109536488
49.63,52.415213894744085,38.395159393703814,19.450590105137607
49.64,53.35248772526532,38.74090466757813,20.034937352659856
49.65,54.29878089971331,39.07909375632197,20.62931318493247
49.660000000000004,55.254084503998556,39.40956164537699,21.233675933432007
49.67,56.2183766935802,39.73214295463185,21.847971302225414
49.68,57.19162210364124,40.04667217857534,22.472131767333696
49.69,58.173771275001755,40.35298394196562,23.106075991997294
49.7,59.16476010075417,40.650913270855796,23.749708262816835
49.71,60.16450929886476,40.9402958786824,24.40291795201048
49.72,61.172923916250255,41.220968466989966,25.065579011286776
49.730000000000004,62.189892870017125,41.49276904021086,25.737549503019363
49.74,63.215288531724056,41.75553723376991,26.41867117457593
49.75,64.2489663609424,42.00911465521931,27.10876908179346
49.76,65.29076459469358,42.25334523864732,27.80765126766272
49.77,66.34050399369747,42.48807560161377,28.5151085014386
49.78,67.39798765911533,42.71315541766006,29.230914085050596
49.79,68.46300092081518,42.928437794713275,29.95482373180288
49.800000000000004,69.53531130294063,43.13377965846664,30.686575522693172
49.81,70.61466857191796,43.32904213928958,31.425889945264302
49.82,71.70080487128979,43.51409096062383,32.172470019369946
49.83,72.79343494714512,43.6887968266826,32.926001513623554
49.84,73.89225646724964,43.85303580715528,33.686153255625726
49.85,74.9969504361753,44.00668971651635,34.45257753826671
49.86,76.10718170788269,44.149646485462355,35.22491062354914
49.870000000000005,77.22259959624142,44.28180052194388,36.002773344415424
49.88,78.3428385829913,44.40305305923686,36.78577180407611
49.89,79.46751912159529,44.51331248850098,37.573498171282836
49.9,80.5962485343291,44.61249467330513,38.36553156889062
49.910000000000004,81.72862199888091,44.70052324366964,39.161439051974405
49.92,82.86422361962006,44.77732986727272,39.96077667065698
49.93,84.00262757764818,44.84285449560153,40.76309061175295
49.94,85.1433993526963,44.897045582990295,41.56791841229231
49.95,86.28609700900584,44.93986027668335,42.37479023705381
49.96,87.43027254073552,44.97126458067636,43.18323021425193
49.97,88.57547325760446,44.99123348222977,43.992757813547485
49.980000000000004,89.72124319894836,44.9997510376095,44.80288925454427
49.99,90.86712458645005,44.99681043775733,45.61313894937478
