Time,EulerAngle1,EulerAngle2,EulerAngle3
20.0,-179.5974052167997,-0.40258532606574043,89.99861982681136
20.01,-179.02436011834007,-0.9754996318995973,89.99172839211228
20.02,-178.4511198640616,-1.5483163471792194,89.97910386140475
20.03,-177.87756974767495,-2.1209780718643176,89.96074119315058
20.04,-177.30359493835093,-2.693427298523914,89.93663304937398
20.05,-176.72908043518555,-3.2656063718227,89.90676979561445
20.06,-176.15391102290187,-3.8374574473140153,89.87113950314128
20.07,-175.5779712269079,-4.408922450951626,89.829727947923
20.080000000000002,-175.0011452687401,-4.979943038440956,89.78251860948062
20.09,-174.4233170219611,-5.550460554408459,89.72949266966799
20.1,-173.84436996859213,-6.120415991361323,89.67062901143036
20.11,-173.26418715616376,-6.68974994841035,89.60590421759998
20.12,-172.68265115546743,-7.258402589736795,89.53529256979535
20.13,-172.09964401910543,-7.8263136027736175,89.45876604749996
20.14,-171.51504724093124,-8.393422156085258,89.37629432740404
20.150000000000002,-170.92874171649132,-8.959666856918728,89.28784478310291
20.16,-170.34060770457452,-9.524985708411318,89.19338248525445
20.17,-169.75052478999132,-10.089316066434755,89.09287020230863
20.18,-169.15837184771289,-10.65259459605735,88.98626840193266
20.19,-168.56402700850222,-11.214757227614589,88.8735352532653
20.2,-167.96736762619122,-11.775739112369497,88.75462663014767
20.21,-167.36827024675523,-12.335474577758955,88.62949611548711
20.22,-166.76661057936118,-12.893897082212112,88.49809500692675
20.23,-166.16226346956427,-13.45093916954235,88.36037232400344
20.240000000000002,-165.55510287612688,-14.006532422880854,88.21627481957339
20.25,-164.9450018519989,-14.560607418247683,88.06574699588576
20.26,-164.33183251815663,-15.113093677847525,87.90873110289976
20.27,-163.7154660503975,-15.663919622626572,87.74516715982176
20.28,-163.0957726669163,-16.213012524563137,87.5749929737888
20.29,-162.47262161906986,-16.760298458585243,87.39814416071475
20.3,-161.84588118597884,-17.305702254134694,87.21455416935493
20.31,-161.2154186732821,-17.849147446401386,87.02415430890923
20.32,-160.58110041636638,-18.390556227270128,86.82687378050018
20.330000000000002,-159.9427917884278,-18.929849396017126,86.62263971288705
20.34,-159.3003572137303,-19.466946309811014,86.41137720279484
20.35,-158.65366018645557,-20.001764834074873,86.19300936026131
20.36,-158.00256329556203,-20.53422129277395,85.96745735942835
20.37,-157.34692825608516,-21.06423041870981,85.7346404952237
20.38,-156.68661594734678,-21.59170530390085,85.49447624640743
20.39,-156.02148645855132,-22.116557350151577,85.24688034547584
20.400000000000002,-155.35139914228404,-22.63869621991269,84.9917668559447
20.41,-154.67621267643784,-23.158029787556398,84.72904825755218
20.42,-153.9957851351257,-23.674464091198104,84.4586355399487
20.43,-153.30997406915955,-24.187903285209078,84.1804383054634
20.44,-152.6186365966893,-24.69824959358604,83.89436488155553
20.45,-151.92162950463114,-25.205403264349005,83.60032244358707
20.46,-151.21880936716687,-25.709262526491273,83.29821715641383
20.47,-150.51003266694354,-26.20972354620161,82.98795431397004
20.48,-149.79515592689984,-26.706680384201707,82.6694384889341
20.490000000000002,-149.07403586591477,-27.200024957421462,82.34257370991772
20.5,-148.34652956413035,-27.689647001823637,82.0072636459432
20.51,-147.61249464311106,-28.17543403769425,81.66341180535252
20.52,-146.87178946154094,-28.657271337705847,81.31092174985811
20.53,-146.12427332714554,-29.135041898088485,80.94969732443573
20.54,-145.36980672552792,-29.608626413255998,80.57964290375456
20.55,-144.60825156657359,-30.077903254268797,80.20066365581371
20.56,-143.83947144906898,-30.542748451526286,79.81266582343446
20.57,-143.06333194412508,-31.003035682116035,79.41555702421452
20.580000000000002,-142.27970089796997,-31.458636262259244,79.00924656951281
20.59,-141.48844875460154,-31.90941914532376,78.5936458029685
20.6,-140.68944889873265,-32.3552509258923,78.16866845899509
20.61,-139.88257801938025,-32.79599585039442,77.73423104160777
20.62,-139.06771649434268,-33.231515834836145,77.29025322384123
20.63,-138.24474879571562,-33.66167049017048,76.83665826791261
20.64,-137.41356391645087,-34.08631715587768,76.37337346614646
20.650000000000002,-136.5740558178365,-34.50531094232814,75.90033060254497
20.66,-135.72612389759715,-34.91850478251944,75.41746643471376
20.67,-134.869673479231,-35.325749494218286,74.92472319688571
20.68,-134.00461632976462,-35.726893856232216,74.4220491318538
20.69,-133.1308711697658,-36.12178468524057,73.90939901192776
20.7,-132.24836422041227,-36.51026693234073,73.38673469949644
20.71,-131.35702976592384,-36.89218379160586,72.85402572236997
20.72,-130.45681072783552,-37.26737682048263,72.31124986041488
20.73,-129.547659251696,-37.63568607359419,71.75839374440204
20.740000000000002,-128.6295373039296,-37.99695025043437,71.19545346480888
20.75,-127.70241727625996,-38.351006857402396,70.62243518798388
20.76,-126.7662825947685,-38.697692384568725,70.03935577675234
20.77,-125.82112833032143,-39.03684249749953,69.44624341220239
20.78,-124.86696180673947,-39.36829224439761,68.84313821303545
20.79,-123.9038032027595,-39.691876278726475,68.2300928485328
20.8,-122.9316861434772,-40.007429097396766,67.60717314083779
20.81,-121.95065827665397,-40.31478529448069,66.97445865193922
20.82,-120.96078182894126,-40.61377983031051,66.33204325041933
20.830000000000002,-119.9621341368146,-40.90424831568306,65.68003565276071
20.84,-118.95480814673932,-41.186027310761446,65.0185599337433
20.85,-117.93891287889457,-41.45895463811452,64.34775600026259
20.86,-116.91457384862048,-41.722869709181,63.667780022738484
20.87,-115.88193343964036,-41.97761386328679,62.97880481817556
20.88,-114.84115122309197,-42.22303071817269,62.281020178909834
20.89,-113.79240422248294,-42.45896653350985,61.574633146395996
20.900000000000002,-112.73588711184644,-42.68527058290462,60.85986821784416
20.91,-111.67181231494573,-42.901795521221594,60.136967457533316
20.92,-110.60041006072908,-43.108397772280874,59.4061905603822
20.93,-109.52192834654582,-43.304937915691056,58.667814824260766
20.94,-108.43663281447459,-43.49128107517493,57.92213503539415
20.95,-107.34480653749272,-43.66729730648008,57.16946326352126
20.96,-106.24674971229132,-43.832861982591425,56.41012856362156
20.97,-105.14277925633576,-43.987856173854624,55.64447658181038
20.98,-104.03322830760489,-44.132167020543584,54.87286906384553
20.990000000000002,-102.91844562639875,-44.26568809534399,54.09568326563561
21.0,-101.79879489957943,-44.38831975319947,53.31331126612271
21.01,-100.67465394867081,-44.49996946596477,52.52615918396868
21.02,-99.5464138443234,-44.600552139340806,51.734646300554886
21.03,-98.41447793073509,-44.6899904096311,50.93920409289357
21.04,-97.27926076473521,-44.76821491795209,50.14027518115958
21.05,-96.14118697528613,-44.835164559659724,49.338312196604655
21.06,-95.00069005021065,-44.890786706912536,48.53377657666357
21.07,-93.85821105789107,-44.935037402483076,47.72713729500618
21.080000000000002,-92.71419731259074,-44.96788152314613,46.91886953518694
21.09,-91.569100992802,-44.989292911217625,46.10945331730345
21.1,-90.42337772287794,-44.99925447317537,45.29937208787125
21.11,-89.27748514256835,-44.997758251611614,44.489111293358796
21.12,-88.13188143062825,-44.984805447183874,43.67915691649404
21.13,-86.98702383471716,-44.960406411152825,42.869994016307864
21.14,-85.84336722204814,-44.92458061015988,42.06210528481405
21.150000000000002,-84.70136264037228,-44.87735655264128,41.255969616266874
21.16,-83.56145590807341,-44.818771681555475,40.452060705543055
21.17,-82.42408624384636,-44.74887223437648,39.650845686124654
21.18,-81.28968494587401,-44.667713071585624,38.852783817601335
21.19,-80.15867412971546,-44.57535747515428,38.05832523191195
21.2,-79.0314655333358,-44.471876918748535,37.26790974675658
21.21,-77.90845939677881,-44.357350811596284,36.48196575368883
21.22,-76.7900434230281,-44.23186621814165,35.700909187434355
21.23,-75.67659182553393,-44.09551755576032,34.92514258192143
21.240000000000002,-74.56846446682907,-43.94840627293169,34.1550542174477
21.25,-73.46600609153697,-43.7906405103479,33.39101736229391
21.26,-72.3695456559941,-43.622334747495685,32.63338961101003
21.27,-71.27939575563498,-43.443609437269714,31.882512320525404
21.28,-70.1958521502383,-43.25459063116608,31.138710144189695
21.29,-69.11919338617483,-43.05540959757128,30.402290662885598
21.3,-68.04968051385762,-42.84620243559521,29.673544111423055
21.31,-66.98755689778582,-42.62710968681381,28.952743197606825
21.32,-65.93304815060878,-42.39827594853444,28.240143036004905
21.330000000000002,-64.8863619906609,-42.15984949565703,27.535981045133838
21.34,-63.84768850750437,-41.91198188326526,26.840477174916728
21.35,-62.817200146810265,-41.65482757747144,26.153833939805313
21.36,-61.7950519688898,-41.388543588687696,25.47623667406
21.37,-60.781381923870946,-41.113289113332655,24.807853816548413
21.38,-59.77631118547643,-40.82922518617436,24.14883725426054
21.39,-58.7799445374333,-40.536514344471875,23.499322718580032
21.400000000000002,-57.79237080655058,-40.23532030491468,22.85943022835002
21.41,-56.81366333653647,-39.92580765418869,22.229264573813694
21.42,-55.843880496757315,-39.60814155384094,21.608915835636378
21.43,-54.883066220313786,-39.282487459963335,20.99845993338934
21.44,-53.9312505660186,-38.94901085806766,20.39795919808857
21.45,-52.98845029913806,-38.60787701339582,19.80746296365313
21.46,-52.0546694860292,-38.25925073677745,19.227008172424934
21.47,-51.12990009813951,-37.90329616604069,18.656619990219458
21.48,-50.214122621146004,-37.54017656287089,18.096312426694144
21.490000000000002,-49.30730666537164,-37.170054124927745,17.546088957175503
21.5,-48.409411573944986,-36.79308981294216,17.00594314242032
21.51,-47.52038702552524,-36.40944319244843,16.475859243138636
21.52,-46.64017362875503,-36.01927228974545,15.955812826446518
21.53,-45.76870350592404,-35.622733461625685,15.445771361741768
21.54,-44.90590086836707,-35.219981281670805,14.945694805880114
21.55,-44.051682572056706,-34.811168435919015,14.455536171447356
21.56,-43.20595864634964,-34.39644562332818,13.975242074379892
21.57,-42.368632821926674,-33.97596147966785,13.5047532715205
21.580000000000002,-41.53960303366429,-33.549862508109186,13.04400517679922
21.59,-40.71876190373167,-33.11829302015686,12.592928357948681
21.6,-39.905997204390744,-32.681395086394105,12.151449013185413
21.61,-39.101192300077585,-32.239308496448295,11.71948942744165
21.62,-38.30422656850875,-31.792170727588232,11.296968407903124
21.63,-37.51497580073052,-31.340116921383256,10.883801698774786
21.64,-36.73331258015048,-30.8832798678589,10.479902375326814
21.650000000000002,-35.959106640732294,-30.421789996610745,10.085181217406001
21.66,-35.19222520462507,-29.95577537434704,9.699547062696325
21.67,-34.43253329960138,-29.48536170835696,9.32290714011016
21.68,-33.67989405675542,-29.010672355422386,8.95516738376946
21.69,-32.9341689889692,-28.53182833570768,8.596232728097355
21.7,-32.195218251703814,-28.048948351928107,8.246007384983752
21.71,-31.462900885605134,-27.562148812581164,7.904395103176742
21.72,-30.737075037134154,-27.071543855461403,7.571299408878859
21.73,-30.017598168047268,-26.57724537868371,7.246623832191543
21.740000000000002,-29.3043272470723,-26.079363073437275,6.930272117192869
21.75,-28.597118926121723,-25.57800445935119,6.622148417015991
21.76,-27.895829701849685,-25.07327492224795,6.322157474680392
21.77,-27.200316063253332,-24.565277754004263,6.03020479038527
21.78,-26.51043462600404,-24.054114194252847,5.746196775964825
21.79,-25.82604225419868,-23.539883473688242,5.470040897201581
21.8,-25.14699617019201,-23.022682858747135,5.201645804674273
21.81,-24.47315405317172,-22.502607697463155,4.940921453807793
21.82,-23.804374127103536,-21.97975146630132,4.687779214768275
21.830000000000002,-23.14051523866973,-21.454205817805185,4.442131972832902
21.84,-22.481436925789357,-20.926060628894447,4.203894219837443
21.85,-21.82699947729494,-20.395404049671836,3.9729821372858027
21.86,-21.17706398701447,-19.862322554871373,3.7493136725508918
21.87,-20.531492403615655,-19.326900998681882,3.5328086088217234
21.88,-19.89014755068917,-18.7892226508164,3.323388621133035
21.89,-19.252893163079328,-18.24936925172091,3.120977333786867
21.900000000000002,-18.619593911055755,-17.707421063019304,2.9255003699974944
21.91,-17.990115417662484,-17.1634569171003,2.736885395901108
21.92,-17.364324270576688,-16.617554266548012,2.5550621596538274
21.93,-16.74208802886614,-16.069789233361647,2.379962526015631
21.94,-16.123275225005102,-15.52023665791141,2.211520506793626
21.95,-15.507755362499651,-14.968970147594924,2.049672287500441
21.96,-14.895398909439477,-14.416062125153672,1.894356250558952
21.97,-14.286077288287638,-13.861583876626922,1.745512995368525
21.98,-13.679662862187113,-13.305605598914067,1.6030853555251554
21.990000000000002,-13.076028918058961,-12.748196446933715,1.467018413472952
22.0,-12.47504964673762,-12.18942458036165,1.3372595128438007
22.01,-11.876600120380362,-11.629357209940943,1.213758268727063
22.02,-11.280556269111544,-11.068060645000191,1.0964665764389792
22.03,-10.686794861982612,-10.50560034687063,0.985338619795166
22.04,-10.095193460901193,-9.942040958378309,0.8803308730068659
22.05,-9.505630394501921,-9.377446353321771,0.7814021059847904
22.06,-8.917984726614048,-8.811879682208893,0.6885133876604809
22.07,-8.332136221487938,-8.245403416058497,0.6016280880308473
22.080000000000002,-7.747965307562238,-7.678079389812371,0.5207118794089832
22.09,-7.1653530399013965,-7.109968845367599,0.44573273701204597
22.1,-6.584181061431521,-6.541132474248045,0.3766609390073478
22.11,-6.004331563094056,-5.971630459935357,0.3134690661272364
22.12,-5.425687243021884,-5.401522519874393,0.25613200095261307
22.13,-4.848131264846973,-4.830867947180537,0.20462692695686324
22.14,-4.271547215229219,-4.259725652064837,0.15893332739146704
22.150000000000002,-3.6958190607034096,-3.6881542030066754,0.11903298408725962
22.16,-3.1208311039244445,-3.116211867693256,0.08490997623586666
22.17,-2.5464679393935956,-2.5439566537530474,0.05655067920856392
22.18,-1.9726144098382796,-1.9714463504028494,0.03394376349975952
22.19,-1.3991555717801347,-1.3987385794956466,0.017080193966943037
22.2,-0.8259766328490089,-0.8258908185273676,0.005953228187024234
22.21,-0.2529629095225874,-0.25296044411704127,0.0005584161410293018
22.22,0.3200002157643364,0.3199952250256853,0.0008935999094661478
22.23,0.8930273404364334,0.8929188879975906,0.0069589134627964
22.240000000000002,1.4662330876223104,1.4657532216103932,0.018756782680007786
22.25,2.039732151967912,2.0384408402879064,0.03629192559501618
22.26,2.613639345352468,2.610924255921898,0.05957135286392209
22.27,3.188069642439817,3.1831458376568738,0.0886043684391614
22.28,3.7631382260037323,3.7550477715813093,0.1234025704300021
22.29,4.338960531952639,4.326572020291808,0.1639798521213892
22.3,4.915652293989588,4.897660282309862,0.21035240311660236
22.31,5.493329587827342,5.4682539513183555,0.2625387105611575
22.32,6.072108874888074,6.038294075198592,0.32055956039873396
22.330000000000002,6.652107045400209,6.607721314836464,0.3844380386011864
22.34,7.2334414603102415,7.1764759021884865,0.45419953224620013
22.35,7.816229981587851,7.744497587539845,0.5298717289747827
22.36,8.400591028119077,8.311725612389617,0.6114846193038529
22.37,8.986643615635284,8.878098667213067,0.6990704971967036
22.38,9.574507391158505,9.443554844642541,0.7926639594971632
22.39,10.16430267041706,10.00803159638951,0.8923019052813737
22.400000000000002,10.75615047392071,10.571465689788418,0.9980235345324681
22.41,11.35017256156472,11.133793163952785,1.109870346006326
22.42,11.946491465614956,11.694949285528782,1.2278861341439842
22.43,12.545230521915679,12.254868504034068,1.3521169848740413
22.44,13.146513899157608,12.813484406778954,1.4826112701371437
22.45,13.750466626019959,13.370729673358808,1.6194196409489607
22.46,14.357214616000618,13.926536029721976,1.7625950188067538
22.47,14.96688468972121,14.480834201808397,1.9121925852270034
22.48,15.579604594492984,15.033553868770197,2.0682697691891767
22.490000000000002,16.195503020900624,15.58462361577737,2.2308862322414016
22.5,16.814709620416117,16.133970890216556,2.400103852146399
22.51,17.437354984146932,16.681521926113792,2.575986694135752
22.52,18.063570692781305,17.227201735182383,2.75860099871123
22.53,18.693489300322167,17.770934041741878,2.9480151500183407
22.54,19.327244331848945,18.312641234002914,3.1442996450290392
22.55,19.96497027618784,18.85224431481604,3.347527058461251
22.56,20.60680257343761,19.38966285221597,3.5577720031390747
22.57,21.25287759696876,19.92481492982444,3.7751110853967544
22.580000000000002,21.90333262947789,20.457617097171358,3.999622855102531
22.59,22.558305832668374,20.987984320013556,4.231387749859535
22.6,23.21793621009783,21.515829930733695,4.4704880329150365
22.61,23.882363562709052,22.04106557891239,4.717007724285492
22.62,24.551728436545584,22.563601182184303,4.971032524584164
22.63,25.22617206211658,23.08334487749073,5.232649731009643
22.64,25.905836284866954,23.600202972865503,5.501948144935727
22.650000000000002,26.590863486171152,24.114079899893184,5.7790179705146185
22.66,27.28139649426009,24.62487816700333,6.063950703688483
22.67,27.97757847113359,25.132498303827713,6.356839005630055
22.68,28.679552809928822,25.636838823524435,6.657776573673107
22.69,29.387463026797374,26.137796190788748,6.96685800374897
22.7,30.101452613869,26.635264771798848,7.284178630133221
22.71,30.821664890071887,27.129136794591282,7.609834356620262
22.72,31.548242837913943,27.61930231157339,7.943921474076951
22.73,32.28132892553531,28.105649164463088,8.286536463670519
22.740000000000002,33.0210649133252,28.588062951956143,8.63777578505828
22.75,33.7675916444152,29.066427000452737,8.997735648837628
22.76,34.52104881836303,29.540622338191152,9.366511772561786
22.77,35.28157474735777,30.0105276731593,9.744199119644193
22.78,36.04930609431316,30.476019375183473,10.130891620504766
22.79,36.824377592234114,30.936971462607605,10.52668187533822
22.8,37.60692174430322,31.393255594009478,10.931660837937448
22.81,38.39706850417126,31.844741065412723,11.345917480051174
22.82,39.19494493601999,32.2912948134857,11.769538435831
22.830000000000002,40.00067485402825,32.73278142522944,12.20260762599387
22.84,40.81437844098096,33.16906315468583,12.645205861428018
22.85,41.636171845860524,33.59999994720966,13.097410426074322
22.86,42.466166760384134,34.02544947186488,13.559294639039942
22.87,43.30446996109401,34.44526715518219,14.03092738882992
22.88,44.15118284281077,34.85930623135137,14.512372653274545
22.89,45.00640096515644,35.2674178198687,15.003689017575219
22.900000000000002,45.87021352937636,35.66945098606748,15.504929146432927
22.91,46.74270285422248,36.06525282272854,16.0161392470143
22.92,47.62394383452144,36.45466854353169,16.537358514691167
22.93,48.514003383454494,36.83754158874558,17.06861856272592
22.94,49.41293986018294,37.21371374371609,17.609942837526315
22.95,50.32080248472746,37.583025270679926,18.161346021374467
22.96,51.23763074233645,37.9453150544032,18.72283342485431
22.97,52.16345377988021,38.30042076209408,19.294400371511184
22.98,53.09828979716074,38.648179017993684,19.876031577622552
22.990000000000002,54.04214543634795,38.98842559297977,20.46770053028762
23.0,54.995015173116805,39.32099560945264,21.069368867400495
23.01,55.95688071339414,39.645723761685076,21.680985763409986
23.02,56.927710399963324,39.9624445517252,22.30248732510911
23.03,57.907458633516775,40.27099254084043,22.933796002034203
23.04,58.896065313038626,40.57120261636903,23.57482001635341
23.05,59.89345530070871,40.862910273727515,24.225452817425
23.06,60.8995379167524,41.145951913179175,24.885572566447568
23.07,61.91420648471887,41.4201651586272,25.555041665280385
23.080000000000002,62.93733792093347,41.685389190999544,26.233706328818442
23.09,63.968792292379014,41.94146505305749,26.921396159726328
23.1,65.00841251837184,42.18823601388855,27.61792382759735
23.11,66.05602410456072,42.42554792940746,28.32308479249549
23.12,67.11143494004664,42.65324961092166,29.03665709260683
23.13,68.17443516528135,42.87119320129935,29.758401202778547
23.14,69.24479711613199,43.07923455704929,30.48805996932393
23.150000000000002,70.3222753491001,43.277233634455726,31.22535862607983
23.16,71.40660675223106,43.465054877764736,31.970004896244273
23.17,72.4975107456657,43.642567607276185,32.72168918394167
23.18,73.59468957511825,43.809646405071135,33.48008485879594
23.19,74.69782870081951,43.96617149600223,34.24484863604182
23.2,75.80659728359684,44.11202912148545,35.01562105384457
23.21,76.92064876886505,44.24711190357654,35.79202704859289
23.22,78.03962156828878,44.371319196777364,36.57367662792435
23.23,79.16313983786165,44.48455742501757,37.3601656402195
23.240000000000002,80.29081435004574,44.58674040127882,38.15107663820665
23.25,81.42224345654009,44.677789627390524,38.94597983323805
23.26,82.5570141371373,44.75763457161436,39.744434135692174
23.27,83.69470313758426,44.82621292565744,40.54598828162991
23.28,84.83487819782059,44.88347084255778,41.35018204485067
23.29,85.977099262048,44.92936310759508,42.15654745824603
23.3,87.12091982872043,44.96385331676145,42.96461014762579
23.31,88.26588833000874,44.9869140148243,43.77389070155607
23.32,89.4115495456357,44.99852679868463,44.58390607691669
23.330000000000002,90.5574460445655,44.99868238695611,45.39417103232536
23.34,91.70311964363648,44.9873806551428,46.204199578509964
23.35,92.84811287196955,44.964630636099784,47.01350643445781
23.36,93.99197042990167,44.93045048577256,47.82160847808782
23.37,95.13424063128647,44.88486741452251,48.62802618028013
23.38,96.27447681821957,44.82791758465242,49.43228501131953
23.39,97.41223873766428,44.75964597504294,50.23391680922014
23.400000000000002,98.54709386996545,44.68010621409355,51.03246109991791
23.41,99.67861869993224,44.58936038242394,51.8274663600044
23.42,100.80639992194655,44.48747878703426,52.61849121345451
23.43,101.93003557144237,44.374539708836764,53.405105554690685
23.44,103.04913607608977,44.25062912565764,54.186891591308786
23.45,104.16332522102661,44.11584041296516,54.963444800808645
23.46,105.27224102358429,43.9702740247023,55.73437479676604
23.47,106.37553651584653,43.814037157992125,56.49930610254239
23.48,107.47288044030788,43.64724340983352,57.25787883705716
23.490000000000002,108.56395781468068,43.47001239790057,58.00974927410795
23.5,109.64847042703518,43.282469391264485,58.75459032756078
23.51,110.72613723008884,43.084744931412025,59.49209193641078
23.52,111.79669463730319,42.87697444658388,60.22196135196602
23.53,112.85989672597417,42.65929786368625,60.94392333194091
23.54,113.91551535057232,42.431859220049894,61.65772024471475
23.55,114.9633401702841,42.194806277183325,62.363112087697566
23.56,116.00317859525369,41.94829013853192,63.05987642430117
23.57,117.03485565652603,41.692464873099105,63.74780824450734
23.580000000000002,118.05821380504612,41.42748714663006,64.42671975438653
23.59,119.07311264537442,41.1535158618868,65.09644010021859
23.6,120.07942860995789,40.87071180937672,65.75681503305077
23.61,121.07705457990222,40.57923732972523,66.40770651963449
23.62,122.06589945823097,40.27925598871057,67.0489923057176
23.63,123.04588770155266,39.9709322658183,67.68056543761172
23.64,124.0169588159677,39.65443125700614,68.3023337478567
23.650000000000002,124.97906682286138,39.32991839222284,68.91421931062621
23.66,125.93217970003232,38.997559168073536,69.51615787231532
23.67,126.87627880342139,38.657518896159644,70.1080982626822
23.68,127.8113582752428,38.309962470576025,70.69000179385182
23.69,128.7374244390724,37.95505414108782,71.26184164202527
23.7,129.65449519155598,37.59295730847534,71.82360222812714
23.71,130.56259939235537,37.223834335748734,72.3752785968819
23.72,131.461776255445,36.847846373112795,72.91687579654172
23.73,132.35207474541178,36.46515319761878,73.44840826341982
23.740000000000002,133.2335529816382,36.07591306710833,73.96989921410548
23.75,134.10627765293214,35.680282587994704,74.48138004791484
23.76,134.9703234448354,35.27841659638749,74.98288976180262
23.77,135.82577248153308,34.87046805203255,75.47447437965234
23.78,136.67271378400693,34.45658794450721,75.95618639757629
23.79,137.51124274578285,34.036925211098676,76.42808424657285
23.8,138.3414606273861,33.611626665772356,76.89023177364248
23.81,139.16347407036204,33.18083693863897,77.34269774221676
23.82,139.97739463152192,32.744698425318084,77.78555535254793
23.830000000000002,140.78333833785638,32.30335124560886,78.21888178249746
23.84,141.58142526239718,31.8569332108771,78.64275774899275
23.85,142.37177912113688,31.40557979958399,79.05726709025465
23.86,143.15452689097438,30.949424140395887,79.46249636875649
23.87,143.92979844858962,30.48859700242207,79.85853449488253
23.88,144.69772623217236,30.023226796404757,80.24547237676767
23.89,145.45844491779954,29.553439571690397,80.62340257658676
23.900000000000002,146.21209111856206,29.079359023334987,80.99241899237884
23.91,146.9588031045923,28.601106507545985,81.35261656320716
23.92,147.6987205405938,28.118801059495357,81.70409098976945
23.93,148.43198424150683,27.632559415319594,82.04693847278823
23.94,149.15873594567734,27.142496037906206,82.38125546853475
23.95,149.8791181048548,26.64872314609908,82.70713846080723
23.96,150.59327369034452,26.15135074696684,83.02468374867397
23.97,151.30134601461154,25.650486670811656,83.33398724927306
23.98,152.00347856764506,25.14623660860657,83.6351443149633
23.990000000000002,152.69981486737746,24.638704151581745,83.92824956411395
24.0,153.3904983234708,24.127990832690234,84.21339672483286
24.01,154.075672113785,23.61419616971009,84.490678490937
24.02,154.7554790728527,23.097417709758126,84.76018638948287
24.03,155.43006159171273,22.577751075002645,85.02201065919265
24.04,156.09956152845507,22.0552900093895,85.27624013912401
24.05,156.76412012886698,21.530126426200603,85.52296216695726
24.060000000000002,157.42387795657524,21.002350456291225,85.76226248628818
24.07,158.07897483211505,20.47205049685798,85.99422516234587
24.080000000000002,158.7295497807629,19.93931326292026,86.21893250930502
24.09,159.37574098721916,19.404223834800106,86.43646501806842
24.1,160.0176857579361,18.866865705665294,86.64690129058835
24.11,160.65552049098005,18.327320833048635,86.85031798677626
24.12,161.28938065188632,17.785669688546342,87.04678977435192
24.13,161.91940075546935,17.24199130743917,87.23638928408474
24.14,162.54571435318394,16.696363338164627,87.41918707000718
24.150000000000002,163.1684540256394,16.148862091588867,87.59525157419773
24.16,163.7877513799044,15.599562590024023,87.76464909575719
24.17,164.40373705125327,15.048538615950728,87.9274437636208
24.18,165.0165407090238,14.495862760412335,88.08369751286949
24.19,165.6262910662854,13.941606471046661,88.23347006422574
24.2,166.23311589302187,13.385840099737784,88.37681890643549
24.21,166.83714203256503,12.828632949863241,88.5137992812594
24.22,167.43849542101898,12.270053323129446,88.6444641708115
24.23,168.03730110944437,11.710168565979913,88.76886428700283
24.240000000000002,168.63368328857467,11.149045115577346,88.88704806286168
24.25,169.22776531586177,10.586748545353242,88.99906164551926
24.26,169.8196697446562,10.023343610129073,89.10494889066364
24.27,170.40951835533883,9.458894290816033,89.20475135827824
24.28,170.9974321877218,8.89346384025324,89.29850831278958
24.29,171.58353157542828,8.327114826751577,89.38625672031391
24.3,172.16793618299494,7.759909174369102,89.4680312405044
24.310000000000002,172.75076504270305,7.191908208048771,89.54386423008255
24.32,173.33213659314737,6.623172696388289,89.61378574276644
24.330000000000002,173.91216871891032,6.05376289404507,89.67782352959998
24.34,174.49097879122135,5.483738583820246,89.73600303962759
24.35,175.06868370950374,4.913159118437804,89.78834742082262
24.36,175.64539994370386,4.342083462047529,89.83487752118573
24.37,176.2212435773189,3.77057023146871,89.87561188993925
24.38,176.7963303510299,3.1986777372054394,89.91056677875119
24.39,177.37077570686506,2.6264640242521837,89.93975614293117
24.400000000000002,177.9446948328095,2.0539869127218564,89.9631916425477
24.41,178.51820270779234,1.4813040383177074,89.98088264342437
24.42,179.0914141469791,0.908472892678092,89.99283621797943
24.43,179.6644438472969,0.33555086362349534,89.99905714588083
24.44,-179.76259356686705,-0.23740472467160054,89.99954791449495
24.45,-179.18958349786678,-0.8103365715477922,89.99430871911537
24.46,-178.61641132895605,-1.3831873597492501,89.98333746296362
24.47,-178.04296237847495,-1.9558997152970463,89.96662975696182
24.48,-177.4691218541221,-2.528416167325764,89.94417891928263
24.490000000000002,-176.89477480884187,-3.100679106869156,89.91597597911718
24.5,-176.3198060953744,-3.67263074691166,89.88200967459491
24.51,-175.74410031848757,-4.244213083749282,89.84226644358502
24.52,-175.16754179187328,-4.815367855173366,89.7967304278246
24.53,-174.59001449391798,-5.386036499688329,89.745383471755
24.54,-174.0114020239769,-5.956160115532373,89.68820512128292
24.55,-173.4315875592371,-6.525679419473887,89.62517262256077
24.560000000000002,-172.85045381226217,-7.094534705352691,89.55626092085107
24.57,-172.26788298930322,-7.662665802347583,89.48144265954762
24.580000000000002,-171.68375674947478,-8.230012032945584,89.40068817943465
24.59,-171.09795616490064,-8.79651217058949,89.31396551827523
24.6,-170.5103616819334,-9.362104396988622,89.22124041082797
24.61,-169.92085308357224,-9.92672625906796,89.12247628940294
24.62,-169.32930945319762,-10.490314625545158,89.01763428507596
24.63,-168.73560913976408,-11.052805643113812,88.90667322969342
24.64,-168.13962972458938,-11.614134692226385,88.78954965880942
24.650000000000002,-167.54124798990108,-12.174236342459702,88.66621781571043
24.66,-166.94033988930144,-12.733044307459666,88.5366296566942
24.67,-166.33678052033153,-13.29049139945761,88.40073485778387
24.68,-165.730444099327,-13.846509483353666,88.2584808230715
24.69,-165.12120393876532,-14.401029430372901,88.10981269489993
24.7,-164.50893242980175,-14.95398107130399,87.95467337091887
24.71,-163.8935010246489,-15.505293149418115,87.7930035168118
24.72,-163.27478021868768,-16.054893272849434,87.62474157545876
24.73,-162.6526395427369,-16.602707866582588,87.44982379217856
24.740000000000002,-162.02694755653292,-17.148662124114217,87.26818423785832
24.75,-161.3975718462546,-17.692679958780463,87.0797548355042
24.76,-160.7643790264303,-18.234683954782945,86.88446539056854
24.77,-160.12723474657273,-18.77459531795221,86.68224362540744
24.78,-159.48600370290094,-19.312333826301572,86.47301521824062
24.79,-158.84054965554236,-19.847817780421252,86.25670384701297
24.8,-158.19073545161618,-20.38096395378316,86.03323123857315
24.810000000000002,-157.5364230546367,-20.911687543023596,85.80251722361378
24.82,-156.8774735806848,-21.439902118291542,85.56447979783613
24.830000000000002,-156.21374734182814,-21.965519573753895,85.31903518982847
24.84,-155.54510389729384,-22.48845007836022,85.06609793617133
24.85,-154.87140211291293,-23.008602026987997,84.80558096430386
24.86,-154.19250022939258,-23.525881992091627,84.53739568371257
24.87,-153.50825593997985,-24.040194676003726,84.26145208602313
24.88,-152.81852647811857,-24.551442864039714,83.97765885460187
24.89,-152.1231687157065,-25.059527378583716,83.6859234842902
24.900000000000002,-151.422039272595,-25.564347034338443,83.38615241192032
24.91,-150.71499464211746,-26.06579859606286,83.07825116408961
24.92,-150.0018913234105,-26.563776736370126,82.7621245084688
24.93,-149.2825859625121,-27.058173994139526,82.43767661217537
24.94,-148.55693551756204,-27.548880737760623,82.10481122809672
24.95,-147.82479743462414,-28.03578512968283,81.76343188957982
24.96,-147.08602983883097,-28.51877309364901,81.41344212004425
24.97,-146.3404917415621,-28.997728284933924,81.05474565823909
24.98,-145.588043264334,-29.47253206393949,80.68724669983585
24.990000000000002,-144.82854588007834,-29.943063473510634,80.31085015603986
25.0,-144.06186267244652,-30.409199220368055,79.92546192987172
25.01,-143.28785861375593,-30.870813661071125,79.53098921074103
25.02,-142.50640086214858,-31.327778792947505,79.12734078789296
25.03,-141.71735907847204,-31.779964250454274,78.71442738324863
25.04,-140.92060576334148,-32.227237307448455,78.29216200410431
25.05,-140.1160166147474,-32.6694628858765,77.86046031606658
25.060000000000002,-139.30347090649855,-33.10650357140198,77.41924103651792
25.07,-138.48285188766792,-33.53821963651866,76.96842634879293
25.080000000000002,-137.6540472030972,-33.96446907170689,76.50794233712723
25.09,-136.81694933487407,-34.385107625205706,76.03771944230138
25.1,-135.97145606453205,-34.799988851989774,75.55769293774023
25.11,-135.11747095556086,-35.20896417253951,75.06780342566061
25.12,-134.2549038618521,-35.61188294451315,74.56799735952289
25.13,-133.38367144554192,-36.00859254155023,74.0582275742627
25.14,-132.50369770777027,-36.398938441763676,73.53845382920449
25.150000000000002,-131.61491454974697,-36.78276433394298,73.00864338252023
25.16,-130.71726234306405,-37.15991223418738,72.46877157396928
25.17,-129.81069051303237,-37.53022261579253,71.91882242044464
25.18,-128.89515813286835,-37.8935345528919,71.35878922215899
25.19,-127.97063452622183,-38.24968587831593,70.78867517697113
25.2,-127.03709987522477,-38.59851335607353,70.20849400003505
25.21,-126.09454583087721,-38.93985286880772,69.61827054559991
25.22,-125.14297612226542,-39.273539620498816,69.01804142745758
25.23,-124.18240716073838,-39.59940835461485,68.40785563417495
25.240000000000002,-123.21286863485015,-39.917293587809404,67.78777513492084
25.25,-122.23440409152414,-40.227029859170834,67.15787547135292
25.26,-121.24707149859435,-40.52845199490909,66.5182463307253
25.27,-120.25094378358594,-40.821395388241825,65.86899209508289
25.28,-119.24610934332681,-41.10569629411181,65.21023236114424
25.29,-118.23267251877782,-41.38119213821683,64.5421024252622
25.3,-117.21075402927433,-41.64772183968863,63.86475372766469
25.310000000000002,-116.18049136027243,-41.90512614659087,63.17835425007081
25.32,-115.14203909861776,-42.15324798324741,62.483088860709195
25.330000000000002,-114.09556921826676,-42.39193281226676,61.77915960859584
25.34,-113.04127128710721,-42.621028999209734,61.06678594018039
25.35,-111.97935259948247,-42.840388183237366,60.346204842567474
25.36,-110.91003825086594,-43.0498656618902,59.61767092672623
25.37,-109.83357112456672,-43.24932077677672,58.881456423388094
25.38,-108.75021179336935,-43.43861730160979,58.13785109378534
25.39,-107.66023833205145,-43.61762383046772,57.387162051183296
25.400000000000002,-106.56394603740146,-43.78621416402532,56.629713489829605
25.41,-105.46164705308294,-43.9442676913957,55.865846318675295
25.42,-104.35366989753956,-44.09166976513378,55.09591769806527
25.43,-103.24035889404658,-44.228312066888705,54.320300478507676
25.44,-102.12207350297994,-44.354092961157164,53.539382541601206
25.45,-100.99918755743117,-44.46891783457772,52.753566044249744
25.46,-99.87208840434324,-44.572699418231,51.96326656834769
25.47,-98.74117595446425,-44.665358090461524,51.1689121792339
25.48,-97.60686164548606,-44.74682215782503,50.37094239729008
25.490000000000002,-96.46956732384304,-44.81702811188138,49.56980708815899
25.5,-95.32972405166461,-44.87592085970601,48.76596527808455
25.51,-94.1877708463746,-44.923453926172584,47.95988390186956
25.52,-93.04415336133637,-44.959589626270514,47.152036491853565
25.53,-91.89932251673925,-44.98429920595995,46.34290181711262
25.54,-90.7537331009734,-44.997562955559,45.5329624901493
25.55,-89.60784232419518,-44.99937028014627,44.722703530751104
25.560000000000002,-88.46210835142229,-44.98971973467446,43.91261091032016
25.57,-87.31698884641679,-44.968619033595616,43.10317010178228
25.580000000000002,-86.17293951123946,-44.936085021599744,42.29486462740566
25.59,-85.03041264084708,-44.892143609875795,41.48817462166803
25.6,-83.88985570369623,-44.83682967846574,40.683575420144
25.61,-82.75170995896997,-44.77018694558057,39.881536185029404
25.62,-81.61640912050046,-44.69226780503144,39.08251857738405
25.63,-80.48437807683423,-44.603133133196444,38.28697548554026
25.64,-79.3560316760877,-44.50285206718684,37.495349818333366
25.650000000000002,-78.2317735833897,-44.391501756097014,36.70807337095119
25.66,-77.11199521772303,-44.269167087411525,35.925565770222455
25.67,-75.99707477396495,-44.13594039080422,35.14823350514724
25.68,-74.887376334855,-43.99192112169332,34.376469047401216
25.69,-73.78324907651113,-43.83721552701071,33.610650065442094
25.7,-72.68502657003795,-43.67193629571029,32.85113873476338
25.71,-71.59302618066599,-43.49620219656842,32.098281145742085
25.72,-70.50754856483613,-43.31013770583355,31.35240680949636
25.73,-69.42887726462168,-43.11387262725025,30.61382826115317
25.740000000000002,-68.35727842930686,-42.907541706141515,29.882840782237405
25.75,-67.2930004739884,-42.69128425074421,29.159722099011674
25.76,-66.23627416373786,-42.46524373270448,28.444732422495857
25.77,-65.18731240644829,-42.22956740059699,27.73811429534761
25.78,-64.14631034654877,-41.984405899708406,27.04009268034729
25.79,-63.11344548434969,-41.72991289471066,26.350875089113824
25.8,-62.08887786711749,-41.46624469965906,25.670651782656996
25.810000000000002,-61.07275034627475,-41.19355991687323,24.999596038163332
25.82,-60.06518889489534,-40.9120190860842,24.33786447619436
25.830000000000002,-59.06630297955951,-40.62178434506353,23.685597442365655
25.84,-58.07618598059439,-40.32301910277987,23.04291943753722
25.85,-57.09491565474896,-40.015887725958635,22.409939590572442
25.86,-56.12255463447295,-39.70055523976483,21.786752167837367
25.87,-55.15915095810528,-39.377187043167645,21.173437113755554
25.88,-54.20473862550827,-39.04594863940603,20.570060616956674
25.89,-53.25933817390976,-38.70700538182981,19.976675696791222
25.900000000000002,-52.32295726902038,-38.36052223527071,19.39332280528051
25.91,-51.39559130678066,-38.0066635529739,18.820030439866386
25.92,-50.477224021432626,-37.64559286901879,18.256815762660043
25.93,-49.567828095947526,-37.27747270606205,17.703685222227122
25.94,-48.66736577117627,-36.902464398147195,17.160635174285037
25.95,-47.77578945047188,-36.520727928271384,16.62765249805403
25.96,-46.893042302595745,-36.13242178428303,16.104715207908846
25.97,-46.01905884338266,-35.7377028211072,15.591793050029509
25.98,-45.15376550626265,-35.33672613711731,15.088848087586607
25.990000000000002,-44.297081206450564,-34.929644968911305,14.59583527540408
26.0,-43.44891788522463,-34.516610595779376,14.112703017047398
26.01,-42.60918103678606,-34.097772255936356,13.639393704730134
26.02,-41.77777021656301,-33.67327707393318,13.17584424090842
26.03,-40.95457953005111,-33.24326999864811,12.721986540666485
26.04,-40.139498101519806,-32.8078937512652,12.277748014226384
26.05,-39.33241052209574,-32.367288782639875,11.843052029105314
26.060000000000002,-38.53319727693479,-31.92159323946848,11.417818351636006
26.07,-37.741735151340286,-31.4709429386797,11.001963567719738
26.080000000000002,-36.95789761584107,-31.015471349485107,10.595401482832228
26.09,-36.18155519036979,-30.55530958254165,10.198043501430487
26.1,-35.41257578778405,-30.090586385691402,9.809798986015121
26.11,-34.650825037823395,-29.621428146294154,9.43057559652072
26.12,-33.89616659010295,-29.147958898399008,9.06027960967724
26.13,-33.148462396948645,-28.670300334452577,8.698816219016713
26.14,-32.40757297928297,-28.188571822991356,8.34608981720141
26.150000000000002,-31.673357673527107,-27.702890430055664,8.002004260151493
26.16,-30.945674860904788,-27.213370944444254,7.666463113943169
26.17,-30.224382179815194,-26.720125906436476,7.339369885151765
26.18,-29.509336721958423,-26.223265639629748,7.020628235332089
26.19,-28.800395212900618,-25.722898285556965,6.710142180336453
26.2,-28.09741417778502,-25.219129840779605,6.407816275182771
26.21,-27.40025009287995,-24.71206419616267,6.11355578517832
26.22,-26.708759523665623,-24.201803178069447,5.8272668440071795
26.23,-26.022799250137314,-23.688446591222256,5.54885659947396
26.240000000000002,-25.342226380005766,-23.172092263005773,5.27823334759095
26.25,-24.666898450446958,-22.652836088997468,5.015306655675107
26.26,-23.99667352297092,-22.13077208268898,4.759987476492527
26.27,-23.33141026499299,-21.605992423730974,4.512188251455263
26.28,-22.670968010646742,-21.078587497748238,4.271823000902183
26.29,-22.01520682874486,-20.54864594957525,4.038807411671801
26.3,-21.3639875766482,-20.01625473247302,3.813058914663353
26.310000000000002,-20.7171719460829,-19.481499157534426,3.5944967549553106
26.32,-20.074622501547317,-18.94446294327523,3.383042055049027
26.330000000000002,-19.436202711796675,-18.4052282653159,3.1786178717346254
26.34,-18.801776974869345,-17.863875806069675,2.981149247052376
26.35,-18.171210637087857,-17.320484804356045,2.7905632537968676
26.36,-17.54437000645715,-16.775133104878236,2.6067890359922337
26.37,-16.921122360846073,-16.227897207500064,2.4297578447396213
26.38,-16.30133595133064,-15.67885231627771,2.2594030698203666
26.39,-15.684880001042176,-15.128072388196903,2.095660267412693
26.400000000000002,-15.07162469985681,-14.57563018158499,1.9384671842629162
26.41,-14.4614411979366,-14.021597306616266,1.787763779309623
26.42,-13.85420159619117,-13.466044275990853,1.6434922423370917
26.43,-13.249778919071325,-12.909040542091644,1.505597006453869
26.44,-12.64804710083762,-12.350654548564822,1.374024762515923
26.45,-12.048880964122151,-11.790953777108667,1.2487244700568556
26.46,-11.452156195554425,-11.23000479349963,1.129647366212537
26.47,-10.857749319033289,-10.667873293189169,1.0167469729514302
26.48,-10.265537666833428,-10.104624146466389,0.9099791028084152
26.490000000000002,-9.675399348735258,-9.540321443197218,0.8093018633085056
26.5,-9.087213219342757,-8.975028537142446,0.7146756602509929
26.51,-8.500858843749828,-8.408808089866609,0.6260632000132327
26.52,-7.9162164617048845,-7.841722114251898,0.5434294910208922
26.53,-7.333166950406041,-7.273832017626487,0.46674184451879064
26.54,-6.751591786061753,-6.705198644529706,0.3959698747671663
26.55,-6.171373004329967,-6.135882319125609,0.33108549877578564
26.560000000000002,-5.592393161898011,-5.5659428894036695,0.2720629358911468
26.57,-5.014535300653839,-4.9954397745602135,0.21887870729667946
26.580000000000002,-4.437682891981567,-4.4244319932702165,0.17151163349865522
26.59,-3.861719799111765,-3.8529782101201238,0.12994283380302354
26.6,-3.2865302343676124,-3.281136777431601,0.09415572517199447
26.61,-2.711998715065133,-2.7089657760809636,0.06413602101329843
26.62,-2.1380100189485365,-2.136523056128865,0.039871730040982815
26.63,-1.5644491392415578,-1.5638662772930494,0.021353155251985445
26.64,-0.9912012393795397,-0.9910529492844131,0.008572893054632196
26.650000000000002,-0.41815160749736957,-0.4181404720398786,0.001525832578655264
26.66,0.15481438926506919,0.15481382412552874,0.00020915518883308254
26.67,0.7278113505725273,0.7277526384176235,0.004622334217761757
26.68,1.300953888752667,1.3006186594831235,0.014767134926272001
26.69,1.8743566746440794,1.8733545253280086,0.03064761469328742
26.7,2.4481344833635936,2.445902783199948,0.052270123430060184
26.71,3.0224022385144154,3.0182058479991407,0.07964330413292184
26.72,3.5972750504752633,3.590205954937762,0.11277809319279272
26.73,4.172868275050565,4.161845132650696,0.15168772193833482
26.740000000000002,4.7492975540939435,4.733065158513191,0.19638771766635177
26.75,5.326678858483562,5.303807516566866,0.24689590477559795
26.76,5.90512853194591,5.874013356592667,0.30323240600299534
26.77,6.484763334298841,6.443623452960012,0.36541964364961427
26.78,7.0657004840344415,7.012578163232671,0.4334823407336573
26.79,7.648057700145821,7.5808173865014865,0.5074475219983151
26.8,8.231953243109198,8.148280521427829,0.5873445146951074
26.810000000000002,8.817505954913434,8.71490642397005,0.673204949052916
26.82,9.404835298033811,9.28063336477784,0.7650627583348986
26.830000000000002,9.994061393232089,9.845398986233814,0.8629541783748531
26.84,10.585305056056669,10.409140259123227,0.9669177464741243
26.85,11.178687831914981,10.971793438921623,1.0769942995306023
26.86,11.774332030969521,11.533294023000366,1.1932269715301782
26.87,12.372360741022632,12.093576688377462,1.315661185930136
26.88,12.972897888113577,12.652575275869067,1.4443446563324112
26.89,13.576068249002484,13.210222730187386,1.579327377217086
26.900000000000002,14.181997478093297,13.766451055473155,1.7206616160975414
26.91,14.790812130448545,14.32119126903184,1.8684019035998536
26.92,15.402639682124342,14.874373354646664,2.0226050215122053
26.93,16.01760854759121,15.425926215474366,2.1833299885656974
26.94,16.635848093998256,15.975777626540703,2.3506380436931194
26.95,17.257488652008927,16.523854186846375,2.5245926264917253
26.96,17.88266152293292,17.070081271111636,2.705259354601309
26.97,18.51149898184618,17.614382981180658,2.8927059976862095
26.98,19.144134276385795,18.156682097125554,3.087002447693959
26.990000000000002,19.780701620872485,18.696900028083835,3.288220685038888
27.0,20.421336185405206,19.234956762881506,3.496434740341492
27.01,21.066174078889713,19.77077081994769,3.7117206511188456
27.02,21.715352314129007,20.304259187115683,3.9341564091769836
27.03,22.36900879720632,20.83533728708597,4.163821912085944
27.04,23.027282291774014,21.36391892713466,4.400798902943067
27.05,23.690312372194448,21.889916245793348,4.645170902059078
27.060000000000002,24.358239373524555,22.41323966359476,4.897023132921803
27.07,25.0312043333058,22.9337978341825,5.156442440478065
27.080000000000002,25.70934892461215,23.451497595910272,5.423517201177
27.09,26.392815379785286,23.966243924069285,5.698337224194829
27.1,27.081746404272767,24.47793988390337,5.980993643242099
27.11,27.7762850799495,24.986486584576,6.271578798327713
27.12,28.476574757298547,25.491783134280936,6.570186106840289
27.13,29.182758935793053,25.993726596693655,6.87690992328264
27.14,29.894981131820906,26.49221194898952,7.19184538698576
27.150000000000002,30.613384733464365,26.987132041662402,7.515088257108531
27.16,31.338112841450663,27.478377560406535,7.846734734225165
27.17,32.06930809557419,27.965836990338303,8.186881267792163
27.18,32.807112485888624,28.449396582855883,8.535624348784346
27.19,33.55166714797916,28.92894032546188,8.893060286796699
27.2,34.30311214161973,29.404349914886872,9.259284970911157
27.21,35.06158621195548,29.87550473375737,9.634393613558801
27.22,35.82722651132485,30.3422818175755,10.01848046663214
27.23,36.60016834584075,30.804555854748322,10.411638539466884
27.240000000000002,37.38054489194103,31.262199183534342,10.813959293490932
27.25,38.16848687008324,31.715081779498675,11.225532306507299
27.26,38.96412221056532,32.16307125689399,11.646444922850673
27.27,39.76757569883392,32.606032876380915,12.076781883349087
27.28,40.578968599991526,33.04382955961335,12.516624934789684
27.29,41.39841826230148,33.47632191122417,12.966052418683567
27.3,42.226037699629124,33.9033682487738,13.42513883925491
27.310000000000002,43.061935152874895,34.32482464122856,13.893954410706453
27.32,43.90621363062717,34.740544956556604,14.372564583977283
27.330000000000002,44.758970429424565,35.150380919031896,14.861029553376301
27.34,45.620296634209794,35.55418217684168,15.359403743666588
27.35,46.49027659977856,35.95179638059773,15.867735278393155
27.36,47.36898741424089,36.343069273338465,16.38606543046791
27.37,48.2564983457817,36.7278447926075,16.91442805628663
27.38,49.15287027425602,37.10596518516734,17.452849014910225
27.39,50.0581551094614,37.47727113489181,18.001345574140895
27.400000000000002,50.972395198212794,37.84160190433972,18.559925805615404
27.41,51.89562272268135,38.198795490479576,19.12858797136598
27.42,52.82785911386849,38.54868880741303,19.707319915518212
27.43,53.76911443267127,38.89111786609923,20.29609843852593
27.44,54.71938672779673,39.225917955794735,20.89488865947377
27.45,55.678661451967,39.55292387281316,21.503643410665898
27.46,56.646910865370764,39.87197015200766,22.122302630163166
27.47,57.62409345214693,40.182891313774626,22.750792767548106
27.48,58.61015335477192,40.48552212651948,23.389026207751854
27.490000000000002,59.60501983144041,40.77969788436324,24.036900718030235
27.5,60.60860674181292,41.065254699741054,24.69429892345332
27.51,61.6208120667201,41.342029810397946,25.361087816493537
27.52,62.64151746759504,41.60986190013623,26.03711830647888
27.53,63.67058789154635,41.86859143251378,26.72222481481484
27.54,64.70787122803075,42.11806099652279,27.416224921931857
27.55,65.75319802310351,42.358115663115804,28.118919071926612
27.560000000000002,66.80638125712126,42.58860335126942,28.83009034077001
27.57,67.86721619162788,42.80937520211012,29.549504273803137
27.580000000000002,68.93548029088655,43.0202859594557,30.27690879798031
27.59,70.01093322317327,43.221194354962854,31.012034213969546
27.6,71.09331694651462,43.41196349591996,31.75459327278469
27.61,72.182355882989,43.592461253576616,32.50428134106654
27.62,73.27775720059765,43.76256065739467,33.26077666812881
27.63,74.37921118313406,43.92214028166691,34.02374074411679
27.64,75.48639163858859,44.07108459725704,34.79281871852652
27.650000000000002,76.59895648077374,44.20928435161865,35.56763996302017
27.66,77.71654838398734,44.336636924923276,36.34781871704228
27.67,78.8387955335488,44.45304667159832,37.13295482975656
27.68,79.96531247118469,44.55842524523321,37.92263459688613
27.69,81.09570103214811,44.65269190436154,38.71643168933467
27.7,82.22955136983727,44.73577379670677,39.513908169351836
27.71,83.36644306261793,44.80760621959467,40.31461558893997
27.72,84.5059462964802,44.868132854379546,41.11809616413107
27.73,85.64762311619158,44.91730597291082,41.923884017787536
27.740000000000002,86.79102873666467,44.95508661427041,42.73150648264393
27.75,87.93571290545725,44.98144473024643,43.54048545550014
27.76,89.08122130659926,44.996359298264366,44.350338792756446
27.77,90.22709699535932,44.99981840077404,45.16058173690008
27.78,91.37288185313886,44.991819270383786,45.970728363123435
27.79,92.51811805137108,44.97236830033665,46.78029303495037
27.8,93.66234951319898,44.94148102023459,47.588791857636274
27.810000000000002,94.80512336171223,44.89918203722847,48.395744118120625
27.82,95.94599134772801,44.8455049459587,49.200673703551736
27.830000000000002,97.08451124694334,44.780492208581364,50.0031104884023
27.84,98.22024817982445,44.70419498057276,50.80259165186295
27.85,99.35277591021479,44.6166729288033,51.598662965429305
27.86,100.48167807156638,44.51799401462649,52.39088001045828
27.87,101.6065493203819,44.4082342488902,53.17880932322111
27.88,102.72699641116736,44.287477421796034,53.96202946143141
27.89,103.842639186962,44.155814809819745,54.740131986306494
27.900000000000002,104.95311148055194,44.013344862040235,55.5127223552672
27.91,106.05806192258905,43.860172868323886,56.2794207214903
27.92,107.15715465392184,43.696410611880744,57.03986263761621
27.93,108.25006994052907,43.522176008745085,57.79369966199971
27.94,109.336504690516,43.3375927367364,58.54059986695511
27.95,110.4161728736165,43.14278985643491,59.280248249438365
27.96,111.48880584461398,42.93790142665095,60.012347045570024
27.97,112.5541525729393,42.723066116793866,60.73661595125649
27.98,113.61197978151684,42.49842681844295,61.452792251971076
27.990000000000002,114.66207199860082,42.26413025830879,62.160630865436765
28.0,115.70423152696932,42.02032661463431,62.85990430156869
28.01,116.73827833533234,41.767169138939195,63.550402544529945
28.02,117.76404987744803,41.50481378551667,64.2319328625663
28.03,118.78140084518584,41.23341885254708,64.90431955259947
28.04,119.79020285673646,40.95314462263685,65.56740361701982
28.05,120.79034409310428,40.664153023863676,66.22104239078726
28.060000000000002,121.7817288847272,40.366607301841555,66.86510911831914
28.07,122.76427725452851,40.06067170430201,67.49949248648576
28.080000000000002,123.73792442353904,39.7465111797035,68.12409612003776
28.09,124.70262028479667,39.4242910904539,68.73883804516677
28.1,125.65832885103814,39.09417694117958,69.34365012670645
28.11,126.6050276814379,38.75633412234172,69.93847748422547
28.12,127.54270729239042,38.41092766936496,70.52327789199983
28.13,128.47137055700733,38.0581220373317,71.09802116753228
28.14,129.39103209769704,37.698080891180346,71.66268855297778
28.150000000000002,130.30171767583678,37.33096691125637,72.21727209348121
28.16,131.20346358222147,36.95694161397163,72.76177401610217
28.17,132.09631603161483,36.576165187256684,73.29620611264772
28.18,132.98033056438794,36.188796340425405,73.82058912939155
28.19,133.8555714579029,35.794992168010964,74.33495216632818
28.2,134.7221111499588,35.39490802709437,74.83933208827546
28.21,135.58002967632268,34.988697427600236,75.33377294983724
28.22,136.4294141242901,34.57651193539394,75.8183254363816
28.23,137.27035810636687,34.158501092084975,76.29304632781265
28.240000000000002,138.10296124381478,33.7348123326251,76.75799796447849
28.25,138.92732867586508,33.30559092288084,77.21324774322099
28.26,139.7435705891813,32.87097990791606,77.65886763399206
28.27,140.5518017667716,32.43112006804496,78.09493371473246
28.28,141.3521411577891,31.98614988376911,78.52152572686086
28.29,142.14471146836752,31.536205509023482,78.93872665151665
28.3,142.92963877351147,31.081420752160017,79.34662230656305
28.310000000000002,143.70705214991207,30.62192706412253,79.74530096421638
28.32,144.47708332946013,30.157853533275794,80.13485298906237
28.330000000000002,145.23986637312134,29.689326886376545,80.51537049611578
28.34,145.99553736475454,29.216471495195115,80.88694702849679
28.35,146.7442341243912,28.739409388312602,81.24967725423024
28.36,147.48609594042227,28.258260267649888,81.60365668160797
28.37,148.22126332010737,27.773141529297533,81.94898139251592
28.38,148.94987775776627,27.2841682882493,82.28574779308062
28.39,149.672081520003,26.791453406654192,82.61405238097096
28.400000000000002,150.38801744727456,26.295107525235423,82.93399152866203
28.41,151.09782877111962,25.795239097537664,83.24566128196231
28.42,151.80165894636465,25.29195442674886,83.54915717317564
28.43,152.4996514985266,24.78535770783483,83.84457405250191
28.44,153.1919498823474,24.275551064659915,84.13200592270721
28.45,153.878697354528,23.76263459175428,84.41154579034887
28.46,154.56003685938472,23.246706400055892,84.6832855323321
28.47,155.23611092546662,22.7278626623021,84.94731577126628
28.48,155.9070615730747,22.206197659482097,85.20372576125305
28.490000000000002,156.57303023205034,21.681803828176395,85.45260328346892
28.5,157.23415766923526,21.154771808614907,85.69403455092906
28.51,157.89058392501877,20.625190493306253,85.92810412183924
28.52,158.5424482584104,20.093147076104945,86.1548948209646
28.53,159.18988910010748,19.558727101589646,86.3744876684701
28.54,159.83304401303835,19.022014514648546,86.58696181570737
28.55,160.47204965989906,18.48309171016739,86.79239448745035
28.560000000000002,161.10704177721183,17.942039582738328,86.99086093010152
28.57,161.7381551554685,17.39893757630743,87.18243436541839
28.580000000000002,162.36552362493788,16.853863733694222,87.36718594932998
28.59,162.98928004673846,16.306894745925693,87.5451847354361
28.6,163.6095563088074,15.758106001328223,87.71649764280671
28.61,164.22648332640546,15.207571634339265,87.88118942771635
28.62,164.84019104683264,14.655364573995241,88.03932265897387
28.63,165.45080845771682,14.101556594921073,88.1909577015339
28.64,166.05846359909773,13.546218362920621,88.33615269439348
28.650000000000002,166.66328357939952,12.989419479124246,88.47496352916895
28.66,167.26539459387956,12.431228529552266,88.60744384131701
28.67,167.86492194603545,11.87171313164759,88.73364499899962
28.68,168.46199007160652,11.310939980382154,88.85361609388961
28.69,169.05672256496416,10.748974893929946,88.96740393370177
28.7,169.6492422076873,10.185882858913777,89.075053036247
28.71,170.23967099914498,9.621728075223675,89.17660562482392
28.72,170.82813018890826,9.056574000420346,89.27210162477282
28.73,171.4147403108376,8.49048339372701,89.36157866103309
28.740000000000002,171.99962121869032,7.923518359627872,89.4450720565548
28.75,172.5828921231138,7.35574039108244,89.52261483142837
28.76,173.16467162989284,6.787210412373706,89.59423770260713
28.77,173.7450777793281,6.217988821610255,89.65996908410757
28.78,174.32422808663736,5.648135532896472,89.7198350875831
28.79,174.90223958326754,5.077710018198093,89.77385952317614
28.8,175.4792288590252,4.506771348918565,89.82206390056265
28.810000000000002,176.05531210492575,3.935378237215711,89.86446743011238
28.82,176.63060515667885,3.363589077077747,89.9010870240962
28.830000000000002,177.20522353872576,2.7914619851856193,89.93193729788025
28.84,177.779282508747,2.2190548415894513,89.9570305710543
28.85,178.35289710257152,1.6464253302202985,89.97637686844972
28.86,178.9261821791796,1.0736309795265326,89.98998392171816
28.87,179.49925246137494,0.500729207738802,89.99785718409576
28.88,-179.92777741232297,-0.07222264457641632,89.99999981019266
28.89,-179.3547928418076,-0.6451672738698961,89.99641265732191
28.900000000000002,-178.7816792212079,-1.2180473715452118,89.98709429090154
28.91,-178.20832189307302,-1.7908055838415644,89.97204098430477
28.92,-177.63460610262953,-2.363384471684903,89.9512467184866
28.93,-177.06041695217684,-2.935726470477384,89.9247031813969
28.94,-176.48563935568234,-3.5077738498024553,89.89239976719865
28.95,-175.91015799365016,-4.079468673011705,89.85432357531602
28.96,-175.33385726832657,-4.650752756672893,89.81045940934355
28.97,-174.7566212593216,-5.221567629845848,89.76078977585686
28.98,-174.17833367971554,-5.79185449316662,89.70529488317
28.990000000000002,-173.59887783273638,-6.361554177708043,89.6439526400949
29.0,-173.01813656908786,-6.930607103596988,89.57673865476441
29.01,-172.43599224501736,-7.498953238362399,89.50362623358943
29.02,-171.85232668122225,-8.066532054989176,89.42458638042939
29.03,-171.26702112268865,-8.633282489661152,89.3395877960634
29.04,-170.67995619957725,-9.199142899166436,89.24859687805966
29.05,-170.09101188926448,-9.76405101795251,89.15157772114992
29.060000000000002,-169.50006747966827,-10.327943914807285,89.04849211822639
29.07,-168.90700153398564,-10.890757949155542,88.93929956208821
29.080000000000002,-168.31169185698505,-11.45242872695493,88.8239572480776
29.09,-167.714015463008,-12.012891056178082,88.70242007775657
29.1,-167.1138485472703,-12.572078901724257,88.574640666738
29.11,-166.51106646382985,-13.129925339583469,88.44056936265112
29.12,-165.90554368770358,-13.686362512467761,88.3001542275769
29.13,-165.2971537954733,-14.241321582977863,88.15334105671765
29.14,-164.68576944561002,-14.794732686835237,88.00007339225803
29.150000000000002,-164.07126236063706,-15.346524885817047,87.84029253724444
29.16,-163.45350331241795,-15.89662612028455,87.67393757195052
29.17,-162.8323621108332,-16.44496316131912,87.50094537299852
29.18,-162.2077075961292,-16.991461562484876,87.32125063552579
29.19,-161.57940763523166,-17.53604561124944,87.13478589870162
29.2,-160.9473291223483,-18.078638280089233,86.94148157492293
29.21,-160.31133798419174,-18.619161177324585,86.74126598303381
29.22,-159.67129919018765,-19.157534497724303,86.5340653859393
29.23,-159.02707676804144,-19.693676972939485,86.31980403300048
29.240000000000002,-158.3785338250717,-20.227505821822408,86.09840420762586
29.25,-157.7255325757302,-20.75893670070564,85.86978628049157
29.26,-157.0679343757572,-21.28788365371958,85.63386876884945
29.27,-156.40559976344662,-21.814259063236722,85.39056840240573
29.28,-155.73838850850882,-22.337973600548423,85.13980019627328
29.29,-155.06615966905724,-22.85893617688112,84.88147753152946
29.3,-154.38877165725302,-23.377053894883332,84.61551224392947
29.310000000000002,-153.70608231417953,-23.892232000716145,84.34181472135374
29.32,-153.01794899452858,-24.40437383690446,84.06029401058508
29.330000000000002,-152.32422866170936,-24.913380796114943,83.77085793403687
29.34,-151.6247780001297,-25.419152277123498,83.47341322530743
29.35,-150.9194535365255,-25.92158564172825,83.16786567164911
29.36,-150.20811175102565,-26.420576169106265,82.85412023853112
29.37,-149.49060923046466,-26.916017017019623,82.5320812467395
29.38,-148.7668028258482,-27.407799183413395,82.2016525493739
29.39,-148.03654982386806,-27.89581147024777,81.86273772234492
29.400000000000002,-147.29970813355308,-28.379940449921406,81.5152402696053
29.41,-146.55613648874714,-28.860070434608126,81.1590638438191
29.42,-145.80569466710506,-29.336083448845304,80.79411248316848
29.43,-145.0482437262844,-29.807859205734726,80.42029086498512
29.44,-144.283646257979,-30.275275087145488,80.0375045768642
29.45,-143.51176666042392,-30.738206128322116,79.64566040589752
29.46,-142.73247142994674,-31.19652500733477,79.24466664661313
29.47,-141.94562947210562,-31.65010203982038,78.83443342816777
29.48,-141.151112432876,-32.098805179496644,78.41487306126757
29.490000000000002,-140.3487950502916,-32.54250002494206,77.98590040522693
29.5,-139.53855552684206,-32.981049833164725,77.54743325548105
29.51,-138.7202759228365,-33.41431554049617,77.09939275176824
29.52,-137.89384257082523,-33.84215579136356,76.64170380708204
29.53,-137.0591465110273,-34.2644269755145,76.17429555735241
29.54,-136.21608394757544,-34.68098327427163,75.69710183167159
29.55,-135.36455672520088,-35.09167671641329,75.21006164270062
29.560000000000002,-134.50447282581172,-35.49635724427199,74.71311969671281
29.57,-133.63574688423765,-35.894872790669424,74.20622692256296
29.580000000000002,-132.75830073762347,-36.28706937333689,73.68934103514043
29.59,-131.8720639624413,-36.67279118975562,73.1624270832545
29.6,-130.9769744292047,-37.051880725610246,72.62545801634792
29.61,-130.0729788927659,-37.42417888495011,72.078415288111
29.62,-129.1600335836101,-37.789525129817235,71.52128945983696
29.63,-128.2381048082554,-38.14775763395987,70.95408081267622
29.64,-127.30716955601281,-38.49871345106043,70.37679996605537
29.650000000000002,-126.3672161090436,-38.84222869784017,69.78946849920095
29.66,-125.41824465228868,-39.17813875234218,69.1921195723526
29.67,-124.4602678795103,-39.50627846761223,68.58479854391094
29.68,-123.49331159134356,-39.82648240090743,67.96756357942333
29.69,-122.5174152809083,-40.138585058467605,67.34048624796712
29.7,-121.53263270223167,-40.44242115576702,66.7036521011836
29.71,-120.53903241641119,-40.737825893049944,66.05716122990188
29.72,-119.53669831020015,-41.024635245814984,65.40112879303717
29.73,-118.5257300814411,-41.30268626977899,64.73568551319906
29.740000000000002,-117.50624368560752,-41.57181741969505,64.06097813327126
29.75,-116.47837173755514,-41.83186888124679,63.37716982807405
29.76,-115.44226386252342,-42.08268291507473,62.684440565153146
29.77,-114.39808699041863,-42.32410421182195,61.982987408731766
29.78,-113.34602558746836,-42.55598025691903,61.27302476092336
29.79,-112.28628181950897,-42.77816170365246,60.554784534468475
29.8,-111.21907564138522,-42.990502752897136,59.828516251483855
29.810000000000002,-110.14464480931441,-43.19286153857891,59.0944870647496
29.82,-109.06324483326839,-43.385100526143084,58.35298171473431
29.830000000000002,-107.9751487750298,-43.56708688374578,57.604302342834345
29.84,-106.88064700084787,-43.73869287176585,56.8487682525256
29.85,-105.78004684193684,-43.899796229552656,56.086715577510475
29.86,-104.67367215047372,-44.05028055265668,55.31849684651787
29.87,-103.5618627578935,-44.190035661439765,54.54448045033466
29.88,-102.44497383528615,-44.31895795852168,53.76505001087461
29.89,-101.32337515669614,-44.43695077250591,52.98060365309334
29.900000000000002,-100.19745026721208,-44.54392468543697,52.19155318163883
29.91,-99.06759555880383,-44.63979784148896,51.398323165201965
29.92,-97.93421925797571,-44.72449623445909,50.60134993263925
29.93,-96.79774033039304,-44.797953971749834,49.80108048602881
29.94,-95.65858730868139,-44.86011351266609,48.99797133686605
29.95,-94.51719705062267,-44.91092587902357,48.19248727262424
29.96,-93.37401343587796,-44.95035083627022,47.38510006181848
29.97,-92.22948601023054,-44.97835704354879,46.576287106566674
29.98,-91.08406858704423,-44.9949221713849,45.7665300523512
29.990000000000002,-89.9382178162564,-45.000032985957084,44.956313365301426
