Time,EulerAngle1,EulerAngle2,EulerAngle3
0.0,0.0,0.0,0.0
0.01,0.5729759114513195,0.5729472629927626,0.0028648746427147654
0.02,1.1460665849533473,1.1458373800014185,0.0114606476895604
0.03,1.7193890928576074,1.7186154258811432,0.02579083446693246
0.04,2.2930553632319373,2.291221161483577,0.045861130127334934
0.05,2.8671789822696816,2.8635957529630423,0.07167948637956242
0.06,3.441876535809288,3.4356830165044174,0.10325626572158712
0.07,4.017263308090114,4.007425039831142,0.14060407940494188
0.08,4.593454864810846,4.578763677836562,0.18373783446036906
0.09,5.170567077239518,5.149640491591471,0.23267473436865765
0.1,5.748716188440766,5.71999672968843,0.2874342809870736
0.11,6.328018833407175,6.289773263934232,0.3480382749376281
0.12,6.908592115469867,6.85891058146408,0.4145108185505949
0.13,7.490553605311056,7.4273487004602075,0.4868783141938739
0.14,8.07402140567452,7.9950271517630265,0.565169465989617
0.15,8.659114194479907,8.561884939474044,0.6494152807761832
0.16,9.245951263808005,9.127860497341004,0.7396490709521825
0.17,9.834652553719211,9.692891642622198,0.8359064502980611
0.18,10.425338690420428,10.256915534196269,0.9382253334016383
0.19,11.0181310214809,10.819868628738252,1.0466459341953853
0.2,11.613151647524383,11.381686632841967,1.161210767604573
0.21,12.210523450485564,11.942304456266253,1.2819646410529784
0.22,12.810370123427743,12.501656166825668,1.4089546492513803
0.23,13.41281619831053,13.059674944512935,1.5422301683949944
0.24,14.017987101399656,13.616293062852971,1.6818428551003373
0.25,14.626009150592331,14.171441817994321,1.8278466316385882
0.26,15.237009565441115,14.725051472227467,1.980297671617543
0.27,15.851116476962584,15.27705119993081,2.1392543835503854
0.28,16.46845904122917,15.827369128496668,2.3047774204988376
0.29,17.089167305165056,16.37593215910726,2.4769296238366065
0.3,17.713372307249315,16.92266600201105,2.6557760250907854
0.31,18.34120604898663,17.467495098814716,2.8413838121254202
0.32,18.972801533415925,18.010342607039608,3.0338223118728997
0.33,19.608292765116104,18.55113035376478,3.2331629603085132
0.34,20.247814655266808,19.089778713203774,3.439479239006301
0.35000000000000003,20.891503053347375,19.626206598021366,3.6528466466641185
0.36,21.539494727282204,20.16033141054083,3.8733426521875916
0.37,22.191927336794333,20.692068993342478,4.101046642011341
0.38,22.84893940018241,21.221333579901376,4.3360398613996765
0.39,23.510670254055295,21.7480377453544,4.578405349248627
0.4,24.177260005535242,22.272092357497627,4.828227865887594
0.41000000000000003,24.84884947641676,22.79340652812656,5.085593813355233
0.42,25.52558013874519,23.311887564844415,5.350591147600893
0.43,26.207594086163642,23.827440956576822,5.623309300865344
0.44,26.89503394116614,24.339970317516467,5.9038390737098
0.45,27.588042688968585,24.849377287397672,6.192272489246603
0.46,28.286763617413843,25.355561519995952,6.488702685256108
0.47000000000000003,28.9913402017774,25.858420639907646,6.7932237776451085
0.48,29.701915977221667,26.357850200729274,7.105930712067123
0.49,30.418634398387027,26.85374364499,7.42691910308679
0.5,31.141638685437503,27.345992266090978,7.756285060194301
0.51,31.871071655870814,27.834485172525095,8.09412499996841
0.52,32.60707554139952,28.31910925467164,8.440535443683265
0.53,33.349791789209675,28.79974915448063,8.795612799655773
0.54,34.09936070883081,29.276287142658663,9.159453069503835
0.55,34.85592130917968,29.74860314802392,9.532151624540548
0.56,35.61961120526619,30.216574846575472,9.913803006268134
0.5700000000000001,36.39056624188591,30.68007757022749,10.304500594428108
0.58,37.168920204764845,31.138984295823377,10.704336301565352
0.59,37.95480451221289,31.59316563940289,11.113400248423527
0.6,38.74834788680795,32.0424898561973,11.531780419684564
0.61,39.54967600670429,32.48682284684857,11.959562299637678
0.62,40.3589111362449,32.926028170370046,12.396828487449309
0.63,41.1761717356571,33.35996706438451,12.843658291805749
0.64,42.001572049588944,33.78849847309387,13.300127304759183
0.65,42.83522163239236,34.211479053206375,13.766306937125353
0.66,43.67722492647173,34.6287632428547,14.242263963475525
0.67,44.527680820682,35.040203339602904,14.728060048022371
0.68,45.386682130341136,35.44564954644606,15.22375122638299
0.6900000000000001,46.25431508401055,35.844950047524414,15.729387379023327
0.7000000000000001,47.130658792022295,36.23795109519446,16.245011686684542
0.71,48.01578469796034,36.62449710904188,16.770660068992484
0.72,48.90975601456742,37.004430787405994,17.306360607715806
0.73,49.81262714582965,37.37759323196257,17.852132956419606
0.74,50.72444309729045,37.74382408588198,18.40798773856105
0.75,51.64523887658107,38.102961685725774,18.97392593623994
0.76,52.57503885547322,38.45484320122183,19.549938259888588
0.77,53.51385619081085,38.799304842150924,20.13600453848944
0.78,54.461692229892876,39.136182067747114,20.73209310442088
0.79,55.418535887741406,39.465309785103926,21.338160169442283
0.8,56.38436304799155,39.78652257661579,21.95414921453303
0.81,57.35913597565422,40.09965494300286,22.579990391769325
0.8200000000000001,58.342802746472245,40.40454156185559,23.215599942955304
0.8300000000000001,59.33529669789101,40.70101756151497,23.86087964002595
0.84,60.33653590693834,40.988918809974244,24.515716252513855
0.85,61.346422700547244,41.268082218347644,25.179981047610244
0.86,62.36484317328114,41.53834603251832,25.85352931436454
0.87,63.39166687683389,41.799550244851766,26.536199990572396
0.88,64.42674627849848,42.05153678268872,27.227815210378814
0.89,65.46991663980634,42.29415001316553,27.928180075756345
0.9,66.52099571128856,42.52723705231767,28.637082377371488
0.91,67.579783560556,42.75064813750065,29.35429241307667
0.92,68.64606247358635,42.96423700669937,30.079562879727884
0.93,69.71959693443614,43.16786128296015,30.812628843544093
0.9400000000000001,70.80013368817549,43.36138286202128,31.55320779380525
0.9500000000000001,71.8874018913279,43.54466830107223,32.30099978416928
0.96,72.98111335348125,43.71758920643781,33.05568766527379
0.97,74.08096287043759,43.88002261583219,33.81693741011293
0.98,75.18662859816406,44.031851330926955,34.58439850382847
0.99,76.29777266129938,44.172964348784966,35.357704508042886
1.0,77.41404178139787,44.30325722200431,36.13647368086375
1.01,78.53506798006218,44.42263238761748,36.920309680901354
1.02,79.66046939914126,44.530999496893024,37.708802378891534
1.03,80.78985121359464,44.62827572667522,38.50152876205406
1.04,81.92280663309475,44.714386069824336,39.298053927253875
1.05,83.05891798734714,44.7892636024244,40.09793215794183
1.06,84.19775788905018,44.85284972556321,40.90070807879107
1.07,85.33889046740232,44.905094379657996,41.70591788093363
1.08,86.48187266412732,44.945956229499124,42.51309060976167
1.09,87.62625558313492,44.975402818409826,43.3217495064067
1.1,88.77158588419573,44.99341069017164,44.13141339326904
1.11,89.9174072103891,44.99996547763615,44.94159809335164
1.12,91.06326163860732,44.99506195723365,45.7518178726746
1.1300000000000001,92.20869113122235,44.97870406085852,46.56158688682609
1.1400000000000001,93.35323893734635,44.95090481430579,47.370420589778305
1.1500000000000001,94.49645116396898,44.91168637437589,48.17783726320848
1.16,95.63787817313249,44.861079920495854,48.98335941612625
1.17,96.77707596782325,44.79912552772309,49.786515166195144
1.18,97.91360754854267,44.72587201708201,50.586839587941775
1.19,99.0470442175796,44.64137677480759,51.383876008623865
1.2,100.17696682199107,44.54570554206294,52.177177242758916
1.21,101.30296692713507,44.43893217692706,52.966306757151024
1.22,102.42464791352707,44.32113839065228,53.75083975918259
1.23,103.54162599079359,44.19241346036384,54.53036420213925
1.24,104.6535311235522,44.05285392051631,55.304481702391996
1.25,105.76000786513265,43.902563235530636,56.0728083643469
1.26,106.86071609615391,43.741651456113736,56.83497551017273
1.27,107.95533166606124,43.570234861805844,57.5906303124058
1.28,109.04354693679232,43.38843559231559,58.3394363285971
1.29,110.12507123453263,43.196381293280254,59.08107394820669
1.3,111.19963120551661,42.994204770581995,59.81524074921016
1.31,112.26697104145978,42.78204349144958,60.54165169526166
1.32,113.32685265742822,42.56003924536174,61.260039311127194
1.33,114.37905576807687,42.32833776103121,61.970153750516296
1.34,115.42337787876095,42.0870883216392,62.671762777925004
1.35,116.45963419751108,41.83644338491246,63.3646516712377
1.36,117.48765747303901,41.57655820983099,64.04862305024973
1.37,118.50729776427768,41.307590491592144,64.72349663660926
1.3800000000000001,119.51842214720158,41.02970000628639,65.38910895091914
1.3900000000000001,120.52091436482723,40.74304826657118,66.04531295289397
1.4000000000000001,121.51467442636519,40.447798189457025,66.6919776305375
1.41,122.49961816148748,40.14411377715246,67.32898754429984
1.42,123.47567673560116,39.83215981175083,67.95624233209958
1.43,124.44279613188274,39.512101564384054,68.5736561809595
1.44,125.40093660563952,39.18410451931837,69.18115727081712
1.45,126.35007211036981,38.84833412917536,69.77868719857362
1.46,127.29018971211077,38.504955567647194,70.36620038154712
1.47,128.22128900361673,38.154133468080936,70.94366344316735
1.48,129.14338149183746,37.796031728687524,71.51105459927867
1.49,130.0564899879638,37.4308133141503,72.06836303700294
1.5,130.96064799735723,37.0586400722224,72.61558829319846
1.51,131.855899112717,36.67967256520786,73.15273963596402
1.52,132.74229641356388,36.294069915961295,73.67983545226137
1.53,133.6199018747816,35.90198966798244,74.19690264438923
1.54,134.48878578662763,35.50358765913389,74.70397603771494
1.55,135.3490261883105,35.09901790847027,75.2010978017529
1.56,136.20070831692811,34.68843251563666,75.68831688637805
1.57,137.04392407327902,34.27198157226962,76.16568847467803
1.58,137.87877150579024,33.849813084818486,76.63327345368131
1.59,138.70535431355927,33.42207290819412,77.09113790395057
1.6,139.5237813691154,32.98890468971757,77.53935260870173
1.61,140.33416624538145,32.55044982974685,77.97799257304285
1.62,141.13662679718792,32.10684743707058,78.40713658464288
1.6300000000000001,141.93128475427193,31.658234296446313,78.8268667892271
1.6400000000000001,142.71826531819676,31.204744851477162,79.23726827623419
1.6500000000000001,143.49769678955175,30.746511190887862,79.63842869091391
1.6600000000000001,144.26971021592232,30.28366304159773,80.03043786688771
1.67,145.03443906032092,29.8163277680706,80.41338747885538
1.68,145.79201888968475,29.34463037744348,80.7873707150438
1.69,146.54258708296922,28.86869352995651,81.15248196891858
1.7,147.28628255830643,28.388637554229405,81.508816549618
1.71,148.0232455186461,27.904580466952297,81.85647041051786
1.72,148.75361721525755,27.41663799658221,82.19553989529624
1.73,149.4775397284402,26.92492361065893,82.52612150083604
1.74,150.19515576476795,26.429548546377376,82.84831165628118
1.75,150.9066084701786,25.93062184407588,83.16220651754733
1.76,151.61204125722517,25.428250383751983,83.46790177587354
1.77,152.31159763530493,24.922538929011214,83.76549247213076
1.78,153.00542108663177,24.41359015916247,84.05507284737237
1.79,153.6936549329847,23.901504712445977,84.33673619017381
1.8,154.37644221377383,23.38638123140507,84.61057469509258
1.81,155.053925579627,22.868316407939957,84.8766793351103
1.82,155.7262471970478,22.34740502947502,85.13513974468181
1.83,156.39354866351385,21.823740026055493,85.38604411275082
1.84,157.05597093240667,21.297412518205448,85.62947908511154
1.85,157.7136542471845,20.76851186539395,85.86552967551768
1.86,158.3667380842328,20.237125714970354,86.09427918496252
1.87,159.0153611038495,19.703340051443043,86.31580912857669
1.8800000000000001,159.65966110884642,19.167239245988455,86.53019916961406
1.8900000000000001,160.29977501027085,18.628906106088827,86.73752706001979
1.9000000000000001,160.93583879977618,18.08842192520812,86.93786858709805
1.9100000000000001,161.5679875281926,17.54586653242575,87.13129752582148
1.92,162.19635528720775,17.001318343939833,87.31788559501545
1.93,162.8210751891935,16.454854419916455,87.49770241470334
1.94,163.44227938324582,15.906550497877054,87.67081548343425
1.95,164.06009904695276,15.35648104705026,87.83729014526304
1.96,164.67466438829086,14.804719318206844,87.997189563307
1.97,165.28610465321722,14.25133739188162,88.15057469751777
1.98,165.89454813693882,13.696406226222816,88.29750428550489
1.99,166.50012219857916,13.139995704447706,88.4380348261226
2.0,167.10295327897904,12.582174681888175,88.57222056554983
2.0100000000000002,167.7031669213844,12.023011032614592,88.70011348561005
2.02,168.30088779479183,11.462571695630674,88.82176329409516
2.0300000000000002,168.89623971973592,10.900922720635577,88.93721741687268
2.04,169.4893456963167,10.338129313353724,89.04652099157144
2.05,170.0803279342808,9.774255880435003,89.1497168626548
2.06,170.66930788498004,9.20936607393208,89.24684557770468
2.07,171.25640627504407,8.643522835363498,89.33794538475229
2.08,171.84174313721235,8.076788443264459,89.42305222853851
2.09,172.42543784345574,7.509224559761114,89.5021997478716
2.1,173.00760915874486,6.940892259553248,89.57541928228018
2.11,173.5883752722297,6.371852079358114,89.64273986861639
2.12,174.16785383697493,5.802164060506424,89.7041882413828
2.13,174.74616201103902,5.231887790870025,89.75978883354313
2.14,175.3234164993946,4.661082446494946,89.80956377755014
2.15,175.89973359659416,4.089806832963378,89.8535329065107
2.16,176.47522923009305,3.5181194265075013,89.89171375541832
2.17,177.05001900414436,2.9460784149006165,89.92412156239023
2.18,177.62421824418712,2.373741738150072,89.95076926985452
2.19,178.19794204165046,1.8011671290188662,89.97166752564097
2.2,178.77130529910272,1.2284121534016457,89.98682468393581
2.21,179.34442277567328,0.6555342505829173,89.99624680606854
2.22,179.91740913268177,0.08259077340401982,89.9999376611058
2.23,-179.50962102059384,-0.4903609716327086,89.9978987262342
2.24,-178.93655308812694,-1.0632636771558144,89.99012918462451
2.25,-178.36327243733606,-1.6360599986501425,89.97662592659798
2.2600000000000002,-177.78966434406084,-2.2086925237195425,89.95738355233813
2.27,-177.21561395344617,-2.781103725375023,89.93239436926245
2.2800000000000002,-176.64100623446967,-3.353235921780147,89.90164839130303
2.29,-176.0657259347167,-3.925031235894587,89.86513333801163
2.3000000000000003,-175.48965753547625,-4.496431554985643,89.82283463351877
2.31,-174.91268520722926,-5.067378489980237,89.77473540538355
2.32,-174.33469276560436,-5.637813334631977,89.72081648337902
2.33,-173.75556362788,-6.207677024477045,89.6610563982656
2.34,-173.1751807701155,-6.7769100955544035,89.59543138061208
2.35,-172.5934266849988,-7.345452642866512,89.5239153597332
2.36,-172.0101833405041,-7.913244278556925,89.44647996281971
2.37,-171.42533213945882,-8.480224089783647,89.36309451434722
2.38,-170.83875388012484,-9.046330596266708,89.27372603585793
2.39,-170.2503287151586,-9.611501710428263,89.17833924665253
2.4,-169.65993613682699,-10.175674670417905,89.07689656113344
2.41,-169.067454908259,-10.738786031733175,88.9693580955449
2.42,-168.4727630439032,-11.300771607811367,88.85568166811818
2.43,-167.8757377764571,-11.861566426304732,88.73582280258334
2.44,-167.2762555262454,-12.42110468427918,88.60973473274478
2.45,-166.6741918725948,-12.979319702991313,88.4773684083912
2.46,-166.0694215273909,-13.536143882238806,88.33867250272651
2.47,-165.46181831101288,-14.091508654283821,88.19359342152255
2.48,-164.85125513085944,-14.645344437351074,88.04207531420987
2.49,-164.23760396268924,-15.197580588707483,87.88406008713751
2.5,-163.6207358350201,-15.748145357332936,87.71948741925064
2.5100000000000002,-163.00052081684356,-16.29696583619774,87.54829478045048
2.52,-162.37682800893154,-16.843967914165795,87.37041745292021
2.5300000000000002,-161.7495255390276,-17.38907622754928,87.18578855571847
2.54,-161.1184805612372,-17.932214111345083,86.99433907296178
2.5500000000000003,-160.48355926143208,-18.47330354863684,86.79599788596765
2.56,-159.84462687759202,-19.012265109161486,86.59069180989886
2.57,-159.20154769337097,-19.54901792120708,86.37834563443067
2.58,-158.55418506283942,-20.08347961682639,86.15888217001626
2.59,-157.90240143919905,-20.615566279117214,85.93222229962363
2.6,-157.24605840711146,-21.145192392548527,85.69828503637726
2.61,-156.5850167220064,-21.67227079339174,85.45698758763874
2.62,-155.91913635685836,-22.196712620356006,85.20824542602548
2.63,-155.2482765569436,-22.71842726553633,84.95197236789043
2.64,-154.57229590311334,-23.237322325797223,84.6880806598088
2.65,-153.8910523841426,-23.753303554725957,84.4164810736424
2.66,-153.20440347873563,-24.266274815305014,84.13708301077266
2.67,-152.51220624779302,-24.77613803346667,83.84979461611793
2.68,-151.81431743756247,-25.282793152709417,83.55452290256841
2.69,-151.11059359431894,-25.786138089971438,83.25117388649385
2.7,-150.40089119123272,-26.286068692974563,82.9396527349935
2.71,-149.68506676810165,-26.78247869926951,82.61986392557506
2.72,-148.96297708463422,-27.27525969723317,82.29171141895864
2.73,-148.234479287978,-27.764301089287382,81.95509884571152
2.74,-147.49943109519361,-28.24949005763069,81.60992970742282
2.75,-146.75769099137227,-28.730711532794217,81.25610759312634
2.7600000000000002,-146.0091184541993,-29.207848155996395,80.89353641408111
2.77,-145.25357418538505,-29.680780254310623,80.52212065287168
2.7800000000000002,-144.4909203362192,-30.14938584159742,80.14176562412612
2.79,-143.7210207889835,-30.61354058902516,79.75237776207042
2.8000000000000003,-142.94374144356428,-31.073117812945142,79.35386492342624
2.81,-142.15895052327951,-31.527988468148536,78.94613670936421
2.82,-141.36651890064036,-31.97802114676146,78.52910480706552
2.83,-140.56632044346551,-32.42308208327023,78.10268335131875
2.84,-139.7582323816828,-32.86303516619034,77.66678930649563
2.85,-138.94213569505305,-33.297741956911906,77.22134286914999
2.86,-138.11791552193958,-33.72706171627172,76.76626789137164
2.87,-137.28546158911493,-34.15085143941894,76.30149232489619
2.88,-136.44466866245077,-34.56896589955267,75.82694868582482
2.89,-135.59543701816992,-34.981257701121365,75.34257453964209
2.9,-134.73767293415776,-35.38757734307886,74.84831300603673
2.91,-133.8712892006243,-35.787773292794824,74.344113282826
2.92,-132.9962056491883,-36.1816920712135,73.82993118806243
2.93,-132.11234969921034,-36.569178349847405,73.30572971915835
2.94,-131.21965691994305,-36.95007506017684,72.77147962760453
2.95,-130.31807160678508,-37.324223516005816,72.22716000757711
2.96,-129.40754736978846,-37.691463550826704,71.67275889735696
2.97,-128.48804773443737,-38.05163368809239,71.10827390177668
2.98,-127.55954674460189,-38.40457127382647,70.53371279022967
2.99,-126.62202957168327,-38.75011265974992,69.94909412010142
3.0,-125.67549312548635,-39.088093403817076,69.35444786227579
3.0100000000000002,-124.71994666172488,-39.418348479710524,68.7498160197804
3.02,-123.75541238267682,-39.74071250183793,68.13525323940914
3.0300000000000002,-122.78192602663667,-40.055019965891276,67.51082741197608
3.04,-121.7995374414897,-40.36110550491992,66.87662025653161
3.0500000000000003,-120.80831113742536,-40.658804160752,66.23272788356509
3.06,-119.8083268135316,-40.94795167046853,65.57926133194141
3.0700000000000003,-118.7996798527648,-41.22838476749718,64.91634707407312
3.08,-117.78248177959016,-41.49994149674413,64.24412748362828
3.09,-116.75686067443439,-41.762461543027804,63.562761259922745
3.1,-115.72296153900082,-42.0157865719153,62.872423803052065
3.11,-114.68094660646928,-42.25976058189606,62.173307533792006
3.12,-113.63099559065218,-42.49423026665653,61.465622152344
3.13,-112.57330586830724,-42.719045386048826,60.74959483013226
3.14,-111.50809258902355,-42.93405914417712,60.02547032907417
3.15,-110.43558870740745,-43.139128572859356,59.293511043055965
3.16,-109.35604493269858,-43.334114918564694,58.553996956749394
3.17,-108.26972959501167,-43.51888403887837,57.807225521838284
3.18,-107.17692842050513,-43.69330679525772,57.05351144083998
3.19,-106.0779441977707,-43.857259410193244,56.293186339282684
3.2,-104.97309636566084,-44.010623860541756,55.52659836452699
3.21,-103.8627204983047,-44.15328824933764,54.75411167961891
3.22,-102.74716769191473,-44.28514716650537,53.97610585879015
3.23,-101.62680385417954,-44.406102036541725,53.19297518548573
3.24,-100.50200889782678,-44.51606145061559,52.40512785450784
3.25,-99.37317584102809,-44.61494148056826,51.61298508095237
3.2600000000000002,-98.24070981841308,-44.70266597236506,50.81698011970996
3.27,-97.10502700755545,-44.77916681664948,50.01755720039886
3.2800000000000002,-95.96655347685774,-44.84438419418371,49.2151703836614
3.29,-94.82572396178352,-44.89826679412392,48.410282345776494
3.3000000000000003,-93.68298057733574,-44.940772003272755,47.60336309949197
3.31,-92.53877147554627,-44.971866064674465,46.79488865984592
3.3200000000000003,-91.39354945749866,-44.99152420416489,45.98533966450356
3.33,-90.24777055004489,-44.99973072375799,45.175199958774634
3.34,-89.10189255787292,-44.996479061036844,44.36495515597252
3.35,-87.95637360193663,-44.98177181401756,43.555091184131214
3.36,-86.81167065545357,-44.95562073126244,42.74609283028925
3.37,-85.66823808928096,-44.91804666773723,41.93844229396773
3.38,-84.52652625119161,-44.86907951627505,41.13261776978561
3.39,-83.38698004168889,-44.808758081089834,40.32909203775608
3.4,-82.2500375499919,-44.7371299325253,39.52833110806051
3.41,-81.11612874741367,-44.65425123498633,38.73079292090113
3.42,-79.98567423502523,-44.560186540977426,37.936926102517425
3.43,-78.85908405966659,-44.4550085571475,37.14716878958031
3.44,-77.736756605674,-44.33879788431191,36.36194752933832
3.45,-76.61907756869874,-44.21164273360086,35.58167626189492
3.46,-75.50641901694483,-44.07363862102956,34.80675538994984
3.47,-74.39913854406811,-43.92488804289978,34.03757094025084
3.48,-73.29757851688247,-43.765500134524636,33.27449381990643
3.49,-72.20206541992349,-43.59559031481746,32.51787916961486
3.5,-71.11290929785345,-43.415279919303536,31.76806581479754
3.5100000000000002,-70.03040329566093,-43.22469582410102,31.025375814595602
3.52,-68.95482329563967,-43.02397006337653,30.29011410771801
3.5300000000000002,-67.88642764922506,-42.81323944271398,29.562568253225802
3.54,-66.8254570009479,-42.592645150745,28.84300826351579
3.5500000000000003,-65.77213420102618,-42.36233237127823,28.131686526030293
3.56,-64.72666430247713,-42.12244989803636,27.428837809579818
3.5700000000000003,-63.6892346380848,-41.87314975396679,26.734679350619068
3.58,-62.66001497499644,-41.61458681851761,26.04941101599592
3.59,-61.63915773979355,-41.3469184636722,25.3732155356718
3.6,-60.62679828931818,-41.07030418969924,24.70625878914544
3.61,-59.62305525934743,-40.78490528269373,24.04869016114755
3.62,-58.628030959118746,-40.4908844809219,23.40064294579712
3.63,-57.641811811047575,-40.188405653798675,22.7622347963198
3.64,-56.664468830286445,-39.87763349460557,22.133568214743907
3.65,-55.69605813834957,-39.558733227597315,21.514731075802946
3.66,-54.73662150520439,-39.23187032999288,20.905797179452694
3.67,-53.78618691446219,-38.89721026920531,20.306826826640236
3.68,-52.844769146560864,-38.55491825553026,19.717867413224713
3.69,-51.91237037513095,-38.20515901039168,19.13895403724634
3.7,-50.98898077204976,-37.848096550129455,18.570110115055403
3.71,-50.074579117024065,-37.483893985213285,18.011348002147454
3.72,-49.16913340788101,-37.1127133346756,17.462669614891464
3.73,-48.27260146809581,-36.73471535547737,16.924067049685355
3.74,-47.384931548426245,-36.35005938644999,16.39552319641642
3.75,-46.506062919866444,-35.95890320639822,15.877012343445084
3.7600000000000002,-45.63592645545938,-35.56140290589828,15.368500771659232
3.77,-44.77444519882809,-35.15771277228539,14.869947335465577
3.7800000000000002,-43.92153491771049,-34.74798518738191,14.381304028938375
3.79,-43.077104648370195,-34.33237054285208,13.902516538632522
3.8000000000000003,-42.24105720507674,-33.91101715472362,13.433524771563937
3.81,-41.413289677505915,-33.48407119372895,12.974263367491385
3.8200000000000003,-40.59369391487095,-33.05167663076185,12.524662194325883
3.83,-39.7821569855738,-32.613975189074864,12.084646821702231
3.84,-38.978561616085635,-32.17110630560595,11.654138974051698
3.85,-38.18278660883364,-31.7232071008504,11.233056962960841
3.86,-37.39470723902537,-31.27041235670586,10.821316098756162
3.87,-36.614195630479024,-30.812854501732513,10.418829081391527
3.88,-35.841121110649645,-30.35066360328781,10.025506370836663
3.89,-35.075350545144005,-29.88396736601328,9.641256537268738
3.9,-34.3167486521091,-29.41289113617239,9.265986591460344
3.91,-33.56517829695306,-28.93755791135844,8.89960229583224
3.92,-32.820500767922915,-28.458088355115148,8.542008456704055
3.93,-32.08257603311348,-27.974600816034187,8.19310919832703
3.94,-31.35126297952496,-27.487211350917804,7.8528082193254445
3.95,-30.62641963481683,-26.996033751617045,7.521009032204392
3.96,-29.907903372430653,-26.501179575179695,7.197615186605855
3.97,-29.1955711007683,-26.002758176963805,6.882530477009965
3.98,-28.48927943712296,-25.50087674639585,6.57565913558837
3.99,-27.78888486824328,-24.99564034606548,6.27690601127837
4.0,-27.094243898871206,-24.487151954458483,5.9861767359397255
4.01,-26.405213176294897,-23.975512501390718,5.703377874504208
4.0200000000000005,-25.721649613475382,-23.460820914227778,5.42841706651308
4.03,-25.043410497624436,-22.943174163191376,5.161203155421824
4.04,-24.370353587124665,-22.422667307394512,4.901646307051734
4.05,-23.70233719792103,-21.899393541833817,4.649658117985103
4.0600000000000005,-23.039220279995504,-21.37344424516805,4.405151714527041
4.07,-22.380862484516857,-20.844909028128267,4.168041842836144
4.08,-21.72712422223342,-20.313875782417885,3.938244950803369
4.09,-21.077866713656043,-19.780430729976203,3.715679262236211
4.1,-20.432952031552638,-19.244658472489856,3.5002648438809425
4.11,-19.79224313625346,-18.70664204104933,3.2919236657924995
4.12,-19.155603904242444,-18.16646294585886,3.0905796555378013
4.13,-18.522899150485504,-17.624201225917272,2.89615874669432
4.14,-17.893994644925332,-17.079935498598665,2.708588922083092
4.15,-17.268757123547626,-16.533743009069017,2.5278002521517817
4.16,-16.64705429440302,-15.985699679484355,2.353724928901514
4.17,-16.028754838945922,-15.435880157922574,2.1862972957289
4.18,-15.413728409032592,-14.88435786700972,2.025453873534099
4.19,-14.801845619909146,-14.331205052216237,1.871133383426697
4.2,-14.19297804336597,-13.776492833435283,1.7232767670665055
4.21,-13.586998189611137,-13.220291248864545,1.5818272026369018
4.22,-12.98377948716667,-12.662669299514883,1.44673011863456
4.23,-12.383196265474039,-12.103694998591319,1.3179332064412725
4.24,-11.785123731941693,-11.543435417775859,1.1953864302881123
4.25,-11.189437946521286,-10.981956733079919,1.0790420354061978
4.26,-10.596015794016838,-10.419324270266968,0.968854554571648
4.2700000000000005,-10.0047349543155,-9.855602549847566,0.8647808132373473
4.28,-9.415473870717502,-9.290855331653354,0.7667799334305897
4.29,-8.828111716529259,-8.725145658997745,0.6748133365821796
4.3,-8.242528360074541,-8.158535902435519,0.5888447454403624
4.3100000000000005,-7.65860432826614,-7.591087803133806,0.5088401852106567
4.32,-7.0762207688723695,-7.02286251587039,0.43476798405154704
4.33,-6.4952594116023,-6.453920651675761,0.3665987730449475
4.34,-5.915602528127156,-5.88432232013862,0.30430548575029426
4.3500000000000005,-5.337132891145985,-5.314127171394374,0.24786335744103205
4.36,-4.759733732598063,-4.743394437818729,0.19724992411305162
4.37,-4.183288701116904,-4.172182975448304,0.15244502134549534
4.38,-3.60768181881683,-3.6005513051530365,0.1134307830859235
4.39,-3.032797437496166,-3.02855765358422,0.08019164042337414
4.4,-2.4585201943377712,-2.4562599939238714,0.05271432040499537
4.41,-1.8847349671835558,-1.883716086461747,0.030987844944197693
4.42,-1.3113268294553853,-1.3109835190259091,0.015003529860767813
4.43,-0.7381810047936616,-0.7381197472949529,0.004754984086195777
4.44,-0.16518282261564765,-0.16518213615338756,0.00023810906353573155
4.45,0.4077823225210885,0.40777199506372575,0.0014510982607668366
4.46,0.9808290278340591,0.9806853435666961,0.008394436870070156
4.47,1.5540719242591428,1.5535005791251255,0.02107090199437071
4.48,2.1276257211287843,2.1261603028371208,0.03948556293543393
4.49,2.701605251837698,2.6986070069482744,0.06364578168566729
4.5,3.27612551933287,3.2707830345952154,0.09356121362247265
4.51,3.8513017413598267,3.842630539445094,0.12924380838312188
4.5200000000000005,4.427249395396986,4.414091445204464,0.17070781089115608
4.53,5.004084263206024,4.9851074049700514,0.2179697624980786
4.54,5.581922474924563,5.555619760395799,0.2710485021968477
4.55,6.160880552622093,6.125569500649359,0.3299651678559806
4.5600000000000005,6.741075453237679,6.694897221133753,0.3947431974154002
4.57,7.322624610811919,7.263543081949326,0.46540832997694315
4.58,7.9056459779216,7.831446766073402,0.5419886067141823
4.59,8.49025806621788,8.398547437234475,0.6245143715172486
4.6000000000000005,9.076579985963958,8.964783697460579,0.7130182712793836
4.61,9.664731484459645,9.530093544281637,0.8075352557222083
4.62,10.254832983233783,10.094414327568385,0.908102576646869
4.63,10.847005613875089,10.65768270599041,1.0147597864873987
4.64,11.441371252364432,11.21983460307951,1.1275487360318688
4.65,12.038052551760783,11.780805162885631,1.2465135711651352
4.66,12.63717297308202,12.340528705215005,1.3717007284747536
4.67,13.238856814211685,12.898938680443617,1.503158929549036
4.68,13.843229236648405,13.455967623900264,1.6409391737823715
4.69,14.450416289228853,14.01154710936562,1.7850947290008146
4.7,15.060544930457738,14.565607703077136,1.9356811208029339
4.71,15.67374304860124,15.118078917516554,2.0927561204194576
4.72,16.290139476884328,15.668889163475585,2.256379728909696
4.73,16.90986400623783,16.217965702350476,2.426614159203176
4.74,17.533047394494805,16.765234598057518,2.6035238152190625
4.75,18.159821371743487,17.310620668592556,2.787175267762697
4.76,18.790318641525733,17.854047437263535,2.977637226880451
4.7700000000000005,19.42467287755235,18.395437083633077,3.17498051033458
4.78,20.06301871558464,18.93471039421351,3.379278007838505
4.79,20.705491740112,19.471786712965503,3.5906046406719936
4.8,21.352228465431338,20.006583891657474,3.809037316272981
4.8100000000000005,22.0033663107141,20.53901824015353,4.034654877380802
4.82,22.659043568621758,21.06900447670519,4.26753804528202
4.83,23.31939936700919,21.596455678333577,4.5077693566870884
4.84,23.9845736232298,22.12128323139775,4.755433093741806
4.8500000000000005,24.654706990534336,22.643396782457575,5.01061520665435
4.86,25.32994079603054,23.162704189550738,5.273403228394614
4.87,26.01041696964873,23.679111474017517,5.5438861808996975
4.88,26.69627796353381,24.192522773019142,5.822154472195968
4.89,27.387666661264245,24.702840292911695,6.108299783826827
4.9,28.084726276276374,25.209964263652363,6.402414947954141
4.91,28.787600238853326,25.713792894430735,6.704593813482007
4.92,29.496432071021538,26.21422233073651,7.014931100534586
4.93,30.211365248879428,26.71114661343127,7.333522242498197
4.94,30.932543053098083,27.204457642584284,7.660463214162393
4.95,31.660108400413733,27.69404513521617,7.995850348706341
4.96,32.39420366393434,28.17979659158091,8.339780138328232
4.97,33.13497047776106,28.661597264058813,8.692349019792283
4.98,33.882549524897264,29.139330128356224,9.053653144375687
4.99,34.63708030823839,29.61287585816635,9.423788131272264
5.0,35.39870090398068,30.082112803667613,9.802848803780678
5.01,36.16754769681169,30.546916974257666,10.190928907631024
5.0200000000000005,36.94375509628271,31.007162025945526,10.588120810840312
5.03,37.727455233808236,31.46271925384632,10.994515184532657
5.04,38.51877763979516,31.913457590246555,11.410200664217461
5.05,39.317848900471304,32.35924360872866,11.835263491086645
5.0600000000000005,40.124792294066694,32.7999415348656,12.269787132975178
5.07,40.93972740609587,33.235413264015484,12.713851884724333
5.08,41.76276972360163,33.665518386764624,13.16753444779951
5.09,42.59403020834666,34.09011422258274,13.630907489140746
5.1000000000000005,43.43361484908608,34.509055862268205,14.104039179370321
5.11,44.28162419321448,34.92219621977109,14.586992710643143
5.12,45.13815285826509,35.32938609398908,15.079825794608645
5.13,46.00328902393533,35.73047424113309,15.582590141151606
5.14,46.877113905536554,36.125307458258106,16.095330918800684
5.15,47.75970121000263,36.51373067854677,16.618086197932342
5.16,48.65111657585116,36.895587078919476,17.150886378155807
5.17,49.55141699876863,37.270718200524925,17.69375360154292
5.18,50.46065024890946,37.63896408750464,18.246701154500137
5.19,51.37885427483882,38.00016343613144,18.809732859134808
5.2,52.30605658757448,38.35415374350015,19.382842454695986
5.21,53.24227365792918,38.70077149188463,19.966012978193348
5.22,54.18751030623377,39.03985234090549,20.559216142635417
5.23,55.14175909417011,39.37123133481158,21.162411717698063
5.24,56.10499972285141,39.69474312524763,21.7755469168156
5.25,57.07719844145448,40.01022220958272,22.398555794992323
5.26,58.05830747103255,40.31750318476734,23.031358661957245
5.2700000000000005,59.04826444844863,40.61642101657109,23.673861515595345
5.28,60.04699189564949,40.906811323924636,24.32595550086971
5.29,61.054396719753186,41.18851067795347,24.987516399700766
5.3,62.07036974962724,41.461356915143405,25.658404157474656
5.3100000000000005,63.094785314798855,41.72518946392445,26.33846245201529
5.32,64.12750087263632,41.97984968379761,27.027518310954147
5.33,65.16835668978108,42.22518121596335,27.725381783470887
5.34,66.21717558376933,42.46103034423992,28.431845672338465
5.3500000000000005,67.27376273066832,42.68724636488915,29.14668533209192
5.36,68.33790554434633,42.90368196379729,29.869658538934594
5.37,69.4093736327026,43.110193599292536,30.60050543770205
5.38,70.48791883578903,43.306641888720776,31.33894857081051
5.39,71.57327535027058,43.492891996751986,32.08469299363122
5.4,72.6651599440831,43.66881402325206,32.837426480144174
5.41,73.7632722644664,43.834283388433256,33.59681982204365
5.42,74.86729524232776,43.98918121363336,34.36252722395292
5.43,75.97689560361611,44.13339470787692,35.13418680071608
5.44,77.09172445255463,44.266817509625874,35.91142116064031
5.45,78.21141796944426,44.389350037578026,36.69383809379085
5.46,79.33559820731968,44.500899830346235,37.48103135793695
5.47,80.4638739782877,44.60138186322446,38.272581556367214
5.48,81.59584182986592,44.6907188447528,39.06805710575106
5.49,82.73108710661528,44.76884149071605,39.867015289335484
5.5,83.86918509129207,44.835688773338646,40.66900338969742
5.51,85.00970221871312,44.891208143598384,41.473559894241546
5.5200000000000005,86.15219735456935,44.9353557247721,42.280215765673084
5.53,87.29622313054065,44.96809647554447,43.088495768794665
5.54,88.44132732629366,44.98940432125553,43.89791984420342
5.55,89.58705428828515,44.99926225212815,44.70800451880698
5.5600000000000005,90.73294637477726,44.997662387601615,45.51826434255975
5.57,91.87854541609525,44.9846060061954,46.328213340445565
5.58,93.02339417894231,44.96010354063494,47.13736646851641
5.59,94.16703782352421,44.92417453828307,47.945241062736
5.6000000000000005,95.3090253423439,44.87684758723196,48.75135826948326
5.61,96.44891096978496,44.818160208715796,49.555244446830365
5.62,97.58625555202129,44.748158716799345,50.356432526127854
5.63,98.72062786734536,44.6668980465773,51.15446332398515
5.64,99.85160588770155,44.5744415523797,51.9488867954279
5.65,100.9787779730137,44.470860777715565,52.73926321981716
5.66,102.1017439908009,44.35623519889824,53.52516431201976
5.67,103.22011635928939,44.23065195103149,54.30617425676796
5.68,104.3335210038099,44.09420553316928,55.08189065705138
5.69,105.4415981963028,43.946997457533,55.85192536648675
5.7,106.54400333213592,43.78913592446704,56.6159052562953
5.71,107.64040760033704,43.62073546993798,57.373472876819356
5.72,108.7304985552984,43.44191660005652,58.1242870205106
5.73,109.81398059061902,43.25280541620307,58.86802318698767
5.74,110.89057531596465,43.0535332332706,59.60437395103847
5.75,111.96002183874184,42.844236193474096,60.333049235357976
5.76,113.02207695321285,42.62505487808947,61.05377649064405
5.7700000000000005,114.07651524043038,42.396133919376595,61.766300786424665
5.78,115.1231290830238,42.15762161481441,62.47038481664357
5.79,116.16172859942921,41.90966954563557,63.16580882459102
5.8,117.19214150261456,41.65243220149502,63.852370452226154
5.8100000000000005,118.21421288871753,41.38606661294515,64.52988451930305
5.82,119.22780496128065,41.110731993222835,65.19818273797986
5.83,120.23279669694992,40.82658939068276,65.85711336877138
5.84,121.22908345859403,40.533801353041454,66.50654082379741
5.8500000000000005,122.2165765618194,40.232531604426136,67.14634522329565
5.86,123.1952028007989,39.92294473605812,67.7764219113123
5.87,124.16490393921546,39.60520591124052,68.39668093636453
5.88,125.12563617194478,39.27948058516808,69.00704650269442
5.89,126.07736956288271,38.9459342399326,69.60745639751332
5.9,127.02008746406364,38.604732134963506,70.19786139937678
5.91,127.95378592104356,38.25603907328761,70.7782246727686
5.92,128.8784730752576,37.900019198109305,71.34852116589012
5.93,129.79416854558377,37.536835771006324,71.90873697407294
5.94,130.70090281674783,37.16665098007755,72.45886871442191
5.95,131.59871663492152,36.789625775108874,72.99892291289822
5.96,132.48766040505035,36.40591970944063,73.52891538985031
5.97,133.36779359648168,36.01569079605944,74.04887065364073
5.98,134.2391841593998,35.619095377455025,74.55882130486886
5.99,135.1019079542538,35.21628800874159,75.0588074533676
6.0,135.9560481960594,34.80742135350891,75.54887614984862
6.01,136.80169491516523,34.39264609184357,76.02908083377868
6.0200000000000005,137.63894443580372,33.972110839941685,76.49948079880019
6.03,138.4678988734925,33.54596208072266,76.96014067675407
6.04,139.28866565212013,33.11434410484743,77.41112994113057
6.05,140.10135704133316,32.67739896154464,77.85252243055771
6.0600000000000005,140.906089714649,32.23526641865069,78.28439589274325
6.07,141.7029843285409,31.788083931278823,78.70683154910857
6.08,142.49216512258613,31.33598661854242,79.11991368019693
6.09,143.27375954062637,30.879107247773028,79.5237292317966
6.1000000000000005,144.0478978727681,30.417576225689423,79.91836744159806
6.11,144.81471291794298,29.95152159599313,80.30391948609666
6.12,145.57433966665747,29.481069042885068,80.68047814735989
6.13,146.32691500348074,29.006341900020768,81.04813749920095
6.140000000000001,147.0725774287573,28.527461164442233,81.40699261223368
6.15,147.8114667989744,28.04454551504841,81.75713927723157
6.16,148.54372408572686,27.55771133779409,82.09867374916908
6.17,149.2694911525635,27.067072759038933,82.43169251340899
6.18,149.98891054353018,26.57274165773948,82.75629204002041
6.19,150.7021252936631,26.07482770520191,83.07256858194934
6.2,151.4092787531595,25.573438401621615,83.38061798137468
6.21,152.1105144259316,25.068679113874033,83.68053548900089
6.22,152.80597582211098,24.560653115410393,83.97241559688332
6.23,153.49580632381213,24.04946162799593,84.25635188408414
6.24,154.18014906347221,23.53520386504897,84.53243687446562
6.25,154.85914681409935,23.01797707635649,84.80076190594198
6.26,155.5329418907739,22.497876593961625,85.06141701052468
6.2700000000000005,156.20167606276965,21.974995879033557,85.31449080451614
6.28,156.86549047567738,21.449426569547953,85.56007038822479
6.29,157.5245255829384,20.92125852861979,85.79824125459693
6.3,158.17892108621402,20.3905798933467,86.02908720618203
6.3100000000000005,158.8288158840429,19.857477124032755,86.25269027987146
6.32,159.47434802826024,19.322035053676586,86.46913067887444
6.33,160.11565468767668,18.784336937618445,86.67848671141809
6.34,160.75287211853825,18.244464503253617,86.88083473568234
6.3500000000000005,161.38613564131242,17.702497999728266,87.07624911050462
6.36,162.0155796237332,17.158516247040158,87.26480215121579
6.37,162.6413374705785,16.612596683326615,87.44656408974329
6.38,163.2635416137063,16.064815418633884,87.62160304182133
6.390000000000001,163.88232351112148,15.515247282346158,87.78998497597517
6.4,164.4978136496679,14.963965871443213,87.9517736867284
6.41,165.11014155149203,14.411043598837125,88.1070307714215
6.42,165.71943578426735,13.856551741345896,88.25581561016735
6.43,166.32582397489523,13.300560487280437,88.39818534864973
6.44,166.92943282641315,12.74313898362762,88.53419488348916
6.45,167.53038813785977,12.18435538281689,88.6638968499186
6.46,168.12881482686237,11.62427688906112,88.78734161152751
6.47,168.72483695472627,11.06296980426832,88.90457725184933
6.48,169.31857775382207,10.500499573522529,89.01564956758318
6.49,169.9101596570784,9.936930830136994,89.1206020632545
6.5,170.49970432940304,9.372327440284343,89.21947594713377
6.51,171.08733270086424,8.806752547213001,89.31231012824583
6.5200000000000005,171.67316500147845,8.240268615059875,89.39914121431455
6.53,172.25732079745868,7.672937472272853,89.4800035105
6.54,172.83991902878995,7.104820354657449,89.55492901879656
6.55,173.42107804800432,6.535977948065501,89.6239474379714
6.5600000000000005,174.00091565952854,5.966470431513867,89.6870861651596
6.57,174.57954915688913,5.396357524270927,89.74437030471634
6.58,175.1570953703899,4.825698518099707,89.79582265416855
6.59,175.7336707081432,4.254552321346851,89.8414637094007
6.6000000000000005,176.30939119842975,3.6829775013510866,89.88131166775882
6.61,176.8843725334122,3.111032325426011,89.91538242927992
6.62,177.45873011336326,2.538774801639918,89.94368959788585
6.63,178.03257909133052,1.966262719419558,89.9662444824916
6.640000000000001,178.60603441816542,1.3935536900036491,89.98305609798766
6.65,179.17921088784468,0.8207051867737133,89.99413116606102
6.66,179.75222318301704,0.24777458548887213,89.99947411582876
6.67,-179.67481407929222,-0.32518079554667423,89.99908708426332
6.68,-179.10178630188375,-0.8981036553563427,89.99296991639677
6.69,-178.52857886155783,-1.4709366701757516,89.98112016529733
6.7,-177.9550770633244,-2.0436224533208374,89.96353309181869
6.71,-177.3811660947126,-2.616103515012266,89.94020166412942
6.72,-176.8067309802465,-3.1883222221272036,89.91111655703635
6.73,-176.23165653615288,-3.7602207578515836,89.87626615112283
6.74,-175.6558273253701,-4.331741081204873,89.83563653172997
6.75,-175.07912761292826,-4.902824886411169,89.78921148781593
6.76,-174.5014413217449,-5.473413562187785,89.73697251108915
6.7700000000000005,-173.92265198873474,-6.043448151794457,89.67889879848597
6.78,-173.34264272241893,-6.612869310129547,89.61496724487611
6.79,-172.7612961603709,-7.181617262505851,89.54515244305351
6.8,-172.17849442754917,-7.749631763163573,89.46942668384614
6.8100000000000005,-171.59411909561783,-8.316852053193143,89.3877599554233
6.82,-171.00805114325172,-8.883216818135045,89.30011994294728
6.83,-170.42017091753632,-9.448664145237586,89.20647202866978
6.84,-169.83035809658173,-10.013131480353236,89.10677929258541
6.8500000000000005,-169.23849165347715,-10.576555584457685,89.00100251376374
6.86,-168.6444498217227,-11.138872489776174,88.88910017249287
6.87,-168.04811006228368,-11.70001745550518,88.7710284533789
6.88,-167.449349032425,-12.259924923117971,88.64674124955799
6.890000000000001,-166.84804255649314,-12.81852847124689,88.5161901681899
6.9,-166.24406559882644,-13.375760770136697,88.37932453741615
6.91,-165.63729223898565,-13.931553535667568,88.23609141497904
6.92,-165.0275956495131,-14.485837482948089,88.08643559871305
6.93,-164.41484807644116,-15.038542279483941,87.9302996391358
6.94,-163.79892082278667,-15.589596497931032,87.76762385438143
6.95,-163.17968423528518,-16.13892756844612,87.59834634773664
6.96,-162.5570076948826,-16.686461730604343,87.42240302840683
6.97,-161.93075961528163,-17.23212398416723,87.23972764131585
6.98,-161.30080743491004,-17.775838041710454,87.05025178522642
6.99,-160.66701761977126,-18.3175262794644,86.8539049442288
7.0,-160.0292556723408,-18.857109687726176,86.65061452502194
7.01,-159.3873861441097,-19.394507821384284,86.4403058966039
7.0200000000000005,-158.74127265366593,-19.92963875029622,86.22290243492489
7.03,-158.09077791072676,-20.462419009584234,85.99832557292592
7.04,-157.43576374655532,-20.99276354992441,85.76649485640763
7.05,-156.77609115122124,-21.520585687912725,85.5273280061982
7.0600000000000005,-156.11162031818517,-22.04579705660376,85.28074098711257
7.07,-155.4422106967141,-22.568307556327646,85.02664808421873
7.08,-154.76772105265462,-23.088025305904317,84.76496198695101
7.09,-154.08800953811763,-23.60485659438515,84.49559388163298
7.1000000000000005,-153.40293377064881,-24.118705833467445,84.21845355299628
7.11,-152.71235092248264,-24.629475510740487,83.93344949530312
7.12,-152.01611782049687,-25.137066143938483,83.64048903370134
7.13,-151.31409105750666,-25.641376236390276,83.33947845646064
7.140000000000001,-150.60612711555262,-26.142302233874506,83.03032315875595
7.15,-149.89208250185445,-26.639738483105702,82.71292779867984
7.16,-149.17181389821585,-27.133577192165696,82.38719646635565
7.17,-148.4451783279777,-27.623708395378397,82.05303287255427
7.18,-147.71203332990402,-28.110019915317984,81.71034053793346
7.19,-146.97223715105753,-28.59239733009838,81.35902300411455
7.2,-146.2256489579737,-29.07072394511328,80.99898406401871
7.21,-145.4721290631775,-29.544880767178928,80.63012800602809
7.22,-144.711539169186,-30.014746482458293,80.25235987526632
7.23,-143.9437426306367,-30.48019743856305,79.86558575264765
7.24,-143.16860473514834,-30.941107631251402,79.46971305231112
7.25,-142.38599300347428,-31.397348696163945,79.06465083800975
7.26,-141.59577750945712,-31.84878990606111,78.65031015897169
7.2700000000000005,-140.79783122022315,-32.29529817404889,78.22660440568174
7.28,-139.99203035697707,-32.73673806330015,77.79344968595244
7.29,-139.17825477666213,-33.17297180379925,77.35076522155879
7.3,-138.3563883746439,-33.60385931665492,76.89847376560331
7.3100000000000005,-137.52631950844895,-34.02925824654419,76.43650204065119
7.32,-136.68794144244805,-34.449024002862664,75.96478119753412
7.33,-135.84115281321394,-34.86300981016834,75.48324729456017
7.34,-134.98585811510517,-35.271066768512284,74.99184179669035
7.3500000000000005,-134.12196820542974,-35.67304392425412,74.49051209404249
7.36,-133.24940082840533,-36.068788351979265,73.9792120389486
7.37,-132.36808116377557,-36.458145249994125,73.45790250739161
7.38,-131.47794237725276,-36.84095804417639,72.92655196179767
7.390000000000001,-130.5789261897268,-37.217068505721045,72.38513703276887
7.4,-129.6709834662483,-37.58631688413507,71.83364312031055
7.41,-128.75407481166738,-37.94854205303033,71.27206500143569
7.42,-127.82817117420744,-38.303581670198106,70.70040744550266
7.43,-126.89325445409033,-38.651272352365694,70.11868583440926
7.44,-125.94931811398867,-38.99144986497256,69.52692678442608
7.45,-124.99636778773589,-39.323949327231595,68.92516876610568
7.46,-124.0344218833776,-39.648605432658094,68.31346271835885
7.47,-123.06351217631071,-39.96525268515494,67.69187265244952
7.48,-122.0836843879252,-40.273725650638625,67.06047624133046
7.49,-121.09499874485351,-40.57385922407471,66.41936538943038
7.5,-120.097530513644,-40.86548891166651,65.76864677771553
7.51,-119.09137050542316,-41.148451127803504,65.10844237859597
7.5200000000000005,-118.0766255448925,-41.42258350623235,64.4388899350285
7.53,-117.05341889784212,-41.687725224758985,63.760143398004075
7.54,-116.02189065124975,-41.94371734263072,63.07237331649448
7.55,-114.9821980399903,-42.190403149580405,62.37576717388814
7.5600000000000005,-113.93451573743606,-42.42762851173055,61.67052967809337
7.57,-112.8790359647404,-42.65524230281265,60.95688292319042
7.58,-111.81596877912611,-42.873096681758824,60.23506661629122
7.59,-110.7455420045059,-43.081047541141004,59.50533807011299
7.6000000000000005,-109.66800124329332,-43.27895487689471,58.76797220912233
7.61,-108.58360976461836,-43.46668317654154,58.02326146684531
7.62,-107.49264830286347,-43.64410180729665,57.27151559341221
7.63,-106.39541476324082,-43.811085401791104,56.51306137006167
7.640000000000001,-105.29222383188785,-43.96751423903365,55.74824222808737
7.65,-104.18340648880701,-44.11327461815176,54.977417770557246
7.66,-103.06930942289566,-44.248259222392974,54.200963196057195
7.67,-101.95029434930474,-44.3723674708333,53.41926862470168
7.68,-100.82673723040277,-44.485505855236134,52.63273832769306
7.69,-99.69902740270004,-44.58758825953134,51.84178986278968
7.7,-98.56756661318545,-44.67853625944218,51.04685311913918
7.71,-97.43276796962297,-44.75827939987955,50.24836927602938
7.72,-96.29505481043346,-44.826755447845315,49.44678968118646
7.73,-95.15485950081997,-44.883910618742874,48.6425746552838
7.74,-94.01262216277077,-44.92969977417854,47.83619223029973
7.75,-92.86878934746336,-44.964086589552025,47.028116830252614
7.76,-91.72381265938776,-44.98704368997493,46.21882790363524
7.7700000000000005,-90.57814734810174,-44.998552756100246,45.408808521750856
7.78,-89.43225086354462,-44.99860459210843,44.59854394293108
7.79,-88.28658138886422,-44.98719915663154,43.78852015608862
7.8,-87.14159638164054,-44.96434556555589,42.979222428643894
7.8100000000000005,-85.99775111503284,-44.93006205745859,42.17113385593552
7.82,-84.85549723565714,-44.884375924630795,41.36473392737106
7.83,-83.71528134912732,-44.827323410308004,40.56049712025397
7.84,-82.57754364379566,-44.758949573021034,39.75889153182625
7.8500000000000005,-81.44271656268515,-44.67930811926296,38.960377559524424
7.86,-80.31122353293803,-44.588461205931424,38.16540663877712
7.87,-79.18347776131132,-44.48647921424556,37.374420046880104
7.88,-78.05988110336283,-44.37344049705246,36.587847780596306
7.890000000000001,-76.94082301299527,-44.249431101623664,35.806107514153126
7.9,-75.82667957799316,-44.11454447019826,35.02960364327604
7.91,-74.71781264610941,-43.96888112065267,34.25872641982056
7.92,-73.61456904559857,-43.81254830997783,33.493851180740045
7.930000000000001,-72.51727990644385,-43.64565968499262,32.73533767614514
7.94,-71.42626006689542,-43.46833491478349,31.983529487366418
7.95,-70.34180758678939,-43.28069931761501,31.238753548625834
7.96,-69.26420335811522,-43.08288348065906,30.5013197659561
7.97,-68.19371080973906,-42.87502287429612,29.771520730851
7.98,-67.13057570511286,-42.65725746401109,29.0496315269832
7.99,-66.0750260296952,-42.42973132215513,28.335909626719953
8.0,-65.02727196413875,-42.19259224172046,27.63059487349708
8.01,-63.98750593872907,-41.945991354137036,26.93390954554065
8.02,-62.95590276408196,-41.690082752947525,26.246058495948883
8.03,-61.93261983272983,-41.425023125057315,25.56722936377002
8.040000000000001,-60.917797385944475,-41.15097139108881,24.897592850428854
8.05,-59.911558839953074,-40.8680883561999,24.237303055663737
8.06,-58.914011165594545,-40.57653637255391,23.586497867027887
8.07,-57.92524531544358,-40.27647901446105,22.945299396986265
8.08,-56.94533669733616,-39.968080768898304,22.31381446468254
8.09,-55.974345683274585,-39.651506740342306,21.692135113252455
8.1,-55.012318124933536,-39.32692236127406,21.080339142943494
8.11,-54.05928592204475,-38.99449312837769,20.478490686531753
8.120000000000001,-53.11526760144221,-38.65438435096049,19.886640798850298
8.13,-52.180268910094306,-38.306760914706594,19.304828060677533
8.14,-51.254283418084704,-37.95178706098655,18.733079192745187
8.15,-50.33729312728757,-37.58962618163546,18.171409675616477
8.16,-49.42926908181604,-37.220440629017126,17.619824371521034
8.17,-48.530171976672236,-36.84439154110974,17.078318144581136
8.18,-47.63995276137156,-36.4616386812757,16.54687647620851
8.19,-46.75855323565457,-36.07234029231615,16.02547607279237
8.2,-45.88590663473357,-35.676652964357864,15.514085463132568
8.21,-45.021938201842275,-35.274731516077374,15.012665583393435
8.22,-44.16656574616551,-34.86672888873233,14.521170347662439
8.23,-43.31970018464104,-34.452796052497355,14.039547202563847
8.24,-42.481246075665666,-34.0330819287438,13.567737670190832
8.25,-41.65110211349479,-33.607733314604616,13.105677860067267
8.26,-40.829161610255746,-33.176894820674356,12.653298966329288
8.27,-40.01531296678242,-32.74070882269901,12.210527750340688
8.28,-39.20944011750296,-32.29931542032097,11.77728699969976
8.290000000000001,-38.41142295438048,-31.852852404534975,11.353495966577752
8.3,-37.621137729796295,-31.401455233279762,10.939070785286367
8.31,-36.838457438404355,-30.945257014601616,10.533924869112528
8.32,-36.06325217811565,-30.484388496845543,10.137969286586726
8.33,-35.29538949047586,-30.018978065345202,9.75111311745776
8.34,-34.53473468079609,-29.549151745104158,9.373263788742642
8.35,-33.78115111847579,-29.07503320898179,9.004327391299947
8.36,-33.03450051802413,-28.596743790919387,8.644208977442105
8.370000000000001,-32.29464320134096,-28.11440250376417,8.292812840157477
8.38,-31.561438341863752,-27.628126061272965,7.950042774557812
8.39,-30.834744193190016,-27.138028905167154,7.6158023231666885
8.4,-30.114418307256866,-26.644223239920947,7.2899950077546
8.41,-29.4003177105359,-26.146819053959423,6.972524532750251
8.42,-28.69229908821123,-25.645924158266478,6.663294985346388
8.43,-27.990218949253194,-25.141644224830255,6.362211018998139
8.44,-27.293933775861987,-24.634082826233897,6.0691780225019984
8.45,-26.603300159551694,-24.123341477123624,5.784102276143922
8.46,-25.918174924558556,-23.60951967730926,5.5068910956109125
8.47,-25.23841523924515,-23.09271495627135,5.237452964348143
8.48,-24.563878716154424,-22.57302291886525,4.975697655027386
8.49,-23.894423501354016,-22.05053729203295,4.721536340776519
8.5,-23.229908353687303,-21.525349972346262,4.474881696798731
8.51,-22.57019271452943,-20.997551074222432,4.235647992990032
8.52,-21.915136768623338,-20.467228978667013,4.003751178141349
8.53,-21.264601496548334,-19.934470382412748,3.7791089562885833
8.540000000000001,-20.618448719349946,-19.399360347335715,3.5616408557506634
8.55,-19.976541141541592,-18.861982354772827,3.351268293319322
8.56,-19.338742380287233,-18.322418354392678,3.1479146295144385
8.57,-18.704916978575604,-17.78074880482128,2.951505214964488
8.58,-18.07493043012265,-17.237052728735794,2.7619674375510943
8.59,-17.448649192006283,-16.691407762367525,2.5792307621658885
8.6,-16.82594069209139,-16.143890204754094,2.4032267658808264
8.61,-16.206673331668537,-15.594575066736713,2.2338891689293265
8.620000000000001,-15.590716483653406,-15.043536119660274,2.071153861854831
8.63,-14.97794048667424,-14.490845943741292,1.9149589291629023
8.64,-14.368216635352756,-13.93657597607289,1.7652446697923294
8.65,-13.761417167069103,-13.380796558245263,1.6219536147025722
8.66,-13.157415245479552,-12.82357698356158,1.4850305418552787
8.67,-12.556084941040869,-12.264985543836431,1.3544224888505727
8.68,-11.957301208778237,-11.70508957576751,1.2300787634615793
8.69,-11.360939863518213,-11.143955506875333,1.111950952294505
8.700000000000001,-10.76687755069165,-10.581648899018564,0.9999929273883034
8.71,-10.174991737772551,-10.018234513101335,0.8941608555555516
8.72,-9.585160650552577,-9.453776323040604,0.7944131961923179
8.73,-8.99726325580437,-8.888337574657859,0.7007107076022979
8.74,-8.411179225507272,-8.321980828395924,0.6130164489183413
8.75,-7.826788900811785,-7.754768002790295,0.5312957814536821
8.76,-7.2439732546579965,-7.186760417560133,0.45551636937278717
8.77,-6.6626138531751975,-6.618018836335498,0.38564817980408905
8.78,-6.082592815981294,-6.048603509039074,0.32166348250640653
8.790000000000001,-5.503792775492884,-5.47857421394211,0.2635368491908868
8.8,-4.926096835350277,-4.907990299416248,0.2112451525908392
8.81,-4.349388528053217,-4.33691072540207,0.1647675653625328
8.82,-3.77355177190065,-3.7653941046197406,0.1240855588916674
8.83,-3.1984708273191327,-3.1934987435445326,0.08918290207150545
8.84,-2.6240302526618766,-2.6212826831729306,0.06004566011081952
8.85,-2.0501148595556136,-2.048803739605013,0.03666219342196754
8.86,-1.4766096719149893,-1.4761195485113836,0.019023156736540762
8.870000000000001,-0.9033998867697974,-0.9032876116045322,0.007121498168717209
8.88,-0.3303708093109321,-0.3303653174599308,0.0009524579483118585
8.89,0.24259218393123194,0.2425900094826275,0.0005135684101590353
8.9,0.815603690090432,0.8155210680102998,0.0058046537830829395
8.91,1.3887783258073452,1.3883705400448187,0.01682783017756731
8.92,1.9622307730470976,1.9610810505396137,0.0335875058015162
8.93,2.5360758248271917,2.533595127338565,0.05609038139794087
8.94,3.110428430790637,3.1058551609684226,0.08434545089158312
8.950000000000001,3.685403742558057,3.677803364337371,0.11836400222460562
8.96,4.2611171587899435,4.249381732311704,0.15815961835444378
8.97,4.837684369890107,4.820532001145118,0.20374817837992396
8.98,5.415221402274888,5.391195607732051,0.2551478587542468
8.99,5.9938446621329335,5.961313648660661,0.31237913453615485
9.0,6.573670978594142,6.5308268390395,0.3754647806227456
9.01,7.154817646222583,7.099675471073544,0.44442987289943253
9.02,7.737402466742963,7.667799372365956,0.5193017892342413
9.03,8.321543789904426,8.235137863923063,0.6001102102349767
9.040000000000001,8.907360553379272,8.801629717841259,0.6868871196787835
9.05,9.494972321586365,9.367213114655177,0.7796668045140696
9.06,10.084499322951366,9.931825599973884,0.8784858542627189
9.07,10.676062469063952,10.495404024773844,0.9833831567752561
9.08,11.269783410100219,11.057884521542393,1.0943998992873538
9.09,11.865784572197956,11.619202463933023,1.2115795664573388
9.1,12.464189180734031,12.17929241430201,1.334967935018732
9.11,13.06512128980563,12.73808807863831,1.4646130684649672
9.120000000000001,13.668705809606049,13.295522261063775,1.6005653102944994
9.13,14.275068531502733,13.851526817900362,1.742877275621276
9.14,14.884336150613798,14.406032611306452,1.8916038409413791
9.15,15.49663628566114,14.95896946248467,2.0468021318304332
9.16,16.11209749586649,15.510266104470844,2.208531508331037
9.17,16.730849294638606,16.059850134516196,2.3768535477721713
9.18,17.35302215978323,16.607647966080158,2.5518320247449777
9.19,17.978747539949772,17.153584780456338,2.733532887940954
9.200000000000001,18.60815785700996,17.697584478059817,2.922024233539435
9.21,19.24138650404348,18.239569629409466,3.117376274811129
9.22,19.878567838587777,18.779461425847497,3.319661307584554
9.23,20.51983717078421,19.3171796300424,3.528953671199746
9.24,21.16533074603512,19.852642526332392,3.7453297045528577
9.25,21.815185721761615,20.385766870972883,3.9688676968120586
9.26,22.469540137829956,20.916467842361204,4.199647832362377
9.27,23.12853288625641,21.44465899648367,4.437752131316182
9.28,23.7923036793396,21.97025222711351,4.683264385228611
9.290000000000001,24.460992966374253,22.493157689212143,4.9362700724982504
9.3,25.13474188778329,23.013283761932136,5.19685627926697
9.31,25.813692208239658,23.53053700156818,5.465111608566044
9.32,26.49798623886111,24.044822093855313,5.7411260801061665
9.33,27.187766749404023,24.556041807074298,6.024991020549499
9.34,27.883176869839986,25.064096946136043,6.316798943637194
9.35,28.58435998067973,25.56888630783358,6.616643419526346
9.36,29.291459591390687,26.070306637466718,6.924618932672242
9.370000000000001,30.004619206239166,26.568252587062986,7.240820727576236
9.38,30.723982176873623,27.062616675435965,7.565344641705984
9.39,31.44969154095882,27.553289250343862,7.8982869248863885
9.4,32.18188984615997,28.040158453028255,8.239744044451616
9.41,32.920718958779055,28.523110185436956,8.589812475449278
9.42,33.66631985634665,29.002028080454902,8.948588475190537
9.43,34.41883240348311,29.476793475489643,9.316167841450161
9.44,35.17839511035998,29.947285389780625,9.692645653637452
9.450000000000001,35.94514487311633,30.413380505824556,10.078115996283234
9.46,36.71921669561748,30.87495315533153,10.47267166422117
9.47,37.50074339230735,31.331875310382685,10.876403849015277
9.48,38.289855291626154,31.78401659465028,11.289401814354997
9.49,39.08667987584996,32.231244268801355,11.71175253409092
9.5,39.89134141584037,32.67342323407864,12.143540315884977
9.51,40.70396060285012,33.11041605567324,12.584846411746598
9.52,41.52465414883742,33.5420829859115,13.035748603636666
9.53,42.35353436571749,33.968281995490685,13.496320768296027
9.540000000000001,43.190708723639474,34.3888688133375,13.966632421378717
9.55,44.03627938853369,34.80369697567426,14.446748241126974
9.56,44.89034273935313,35.212617884887045,14.93672757200275
9.57,45.75298886562246,35.61548087879155,15.43662390888262
9.58,46.62430104612753,36.0121333108939,15.94648436264009
9.59,47.504355209808566,36.402420642236414,16.466349108171443
9.6,48.39321938017472,36.786186545407126,16.99625081617478
9.61,49.290953104828326,37.16327302127294,17.536214070263572
9.620000000000001,50.19760687197713,37.53352052897132,18.08625477128536
9.63,51.113221516116994,37.89676812966109,18.64637953102123
9.64,52.03782761539065,38.25285364449264,19.21658505776355
9.65,52.971444883453714,38.60161382720412,19.796857536597553
9.66,53.91408155902575,38.94288455169217,20.38717200755639
9.67,54.86573379664507,39.27650101483313,20.98749174516202
9.68,55.82638506580518,39.60229795729192,21.59776764468894
9.69,56.796005563579605,39.920109903109086,22.217937619885088
9.700000000000001,57.774551614169724,40.2297713942109,22.847926002629595
9.71,58.761965114534945,40.53111726140535,23.48764297346037
9.72,59.75817299687962,40.82398290523066,24.1369840130695
9.73,60.763086719290406,41.108204590815596,24.79582938268845
9.74,61.77660179121036,41.38361975705005,25.464043639450036
9.75,62.798597339546845,41.65006733939624,26.14147519251903
9.76,63.828935721331696,41.907388105513384,26.827955905903753
9.77,64.86746218890725,42.15542500270198,27.5233007539171
9.78,65.91400461359767,42.394023516005696,28.227307535240474
9.790000000000001,66.96837327373161,42.62303203563775,28.939756651451408
9.8,68.03036071270277,42.842302232227574,29.660410955696275
9.81,69.09974167249054,43.05168943821721,30.389015676924124
9.82,70.17627310769336,43.251053033573776,31.125298424729994
9.83,71.2596942846732,43.44025683383247,31.868969279400364
9.84,72.34972696984872,43.61916947834292,32.61972097119303
9.85,73.44607571052032,43.78766481646529,33.37722915222992
9.86,74.54842821086409,43.94562228935457,34.14115276363437
9.870000000000001,75.65645580489661,44.09292730488389,34.91113449971001
9.88,76.76981402731778,44.22947160322757,35.68680137005311
9.89,77.88814328382529,44.35515361372694,36.467765360234345
9.9,79.01106961431675,44.46987879062098,37.253624187662375
9.91,80.1382055518394,44.5735599336797,38.04396215237148
9.92,81.26915107444579,44.66611749266148,38.838351079775315
9.93,82.40349464278506,44.7474798480578,39.63635134981145
9.94,83.54081431898484,44.817583567664464,40.43751300741535
9.950000000000001,84.68067896031081,44.87637363685273,41.24137694780558
9.96,85.8226494801052,44.92380366059518,42.04747616907768
9.97,86.96628016760572,44.959836035512105,42.855337083702146
9.98,88.11112005743176,44.98444209044092,43.66448087971035
9.99,89.25671433884175,44.99760219429144,44.47442492166638
