Time,EncoderAngle
55138847.7035,32.0
55138866.8365,32.0
55138886.7448,31.0
55138906.4542,31.0
55138926.5898,31.0
55138954.5306,32.0
55138977.0718,32.0
55138996.8063,32.0
55139016.5422,32.0
55139036.2396,32.0
55139056.4628,32.0
55139077.0497,31.0
55139097.2182,31.0
55139116.8076,31.0
55139136.1091,31.0
55139156.9531,31.0
55139176.4761,31.0
55139197.1569,30.0
55139216.6925,30.0
55139236.2388,30.0
55139256.3506,30.0
55139276.3291,30.0
55139297.3045,30.0
55139316.5853,30.0
55139350.5959,30.0
55139367.4642,29.0
55139386.1723,29.0
55139406.7261,29.0
55139428.8667,29.0
55139447.2575,28.0
55139466.6671,28.0
55139486.2411,28.0
55139506.7854,28.0
55139526.4546,28.0
55139547.1818,27.0
55139566.4097,27.0
55139586.8137,27.0
55139606.6146,28.0
55139627.1503,28.0
55139646.513,28.0
55139667.4804,27.0
55139686.1466,27.0
55139706.8861,27.0
55139726.8798,26.0
55139746.7026,26.0
55139767.3393,26.0
55139786.6511,25.0
55139806.784,25.0
55139827.2417,24.0
55139846.6463,24.0
55139867.2254,24.0
55139886.7023,23.0
55139906.1576,23.0
55139926.8852,23.0
55139947.1719,24.0
55139967.1548,24.0
55139986.4146,24.0
55140006.6283,23.0
55140026.9704,23.0
55140046.91,22.0
55140067.6299,22.0
55140087.1715,21.0
55140106.7843,21.0
55140126.6746,22.0
55140146.7752,22.0
55140168.3207,22.0
55140187.1333,23.0
55140206.7576,23.0
55140230.4143,23.0
55140246.0113,23.0
55140267.6097,24.0
55140287.0917,24.0
55140306.7084,24.0
55140326.5886,25.0
55140346.0155,25.0
55140367.4314,25.0
55140386.6523,25.0
55140406.5893,26.0
55140426.1577,26.0
55140446.8519,26.0
55140467.2892,27.0
55140486.8307,27.0
55140526.4087,28.0
55140547.0326,28.0
55140566.8724,28.0
55140586.8465,29.0
55140617.3493,29.0
55140636.7607,28.0
55140656.7119,28.0
55140676.758,29.0
55140696.8481,29.0
55140717.1371,30.0
55140736.0166,30.0
55140756.0243,30.0
55140776.7143,30.0
55140796.6981,31.0
55140816.9142,31.0
55140837.1453,31.0
55140856.2676,31.0
55140877.1209,30.0
55140897.1826,30.0
55140916.5556,30.0
55140936.7547,31.0
55140956.4165,31.0
55140976.8917,31.0
55140999.214,31.0
55141016.7408,31.0
55141036.8355,32.0
55141057.3624,32.0
55141077.0196,33.0
55141097.6022,33.0
55141117.6377,33.0
55141136.8979,34.0
55141156.4939,34.0
55141176.6857,34.0
55141196.9447,33.0
55141217.389,33.0
55141237.7633,34.0
55141256.7696,34.0
55141276.6773,35.0
55141299.1116,35.0
55141316.7684,35.0
55141337.0322,36.0
55141356.8852,36.0
55141376.7958,37.0
55141396.8928,37.0
55141417.3713,38.0
55141436.9249,38.0
55141457.182,39.0
55141476.6041,39.0
55141496.1248,39.0
55141517.7651,38.0
55141543.0303,38.0
55141567.9458,38.0
55141586.7589,39.0
55141606.8142,39.0
55141626.5076,40.0
55141646.4956,40.0
55141666.6505,40.0
55141686.7145,41.0
55141706.2463,41.0
55141726.5477,41.0
55141746.0543,41.0
55141766.8724,42.0
55141786.1885,42.0
55141806.6015,42.0
55141826.9478,43.0
55141846.343,43.0
55141869.1415,43.0
55141886.2235,43.0
55141909.704,43.0
55141928.783,44.0
55141946.1942,44.0
55141975.2077,44.0
55141998.5806,44.0
55142017.7396,45.0
55142043.066,45.0
55142069.4108,45.0
55142086.4561,45.0
55142110.2267,45.0
55142137.2546,45.0
55142157.4977,46.0
55142175.893,46.0
55142197.8163,46.0
55142218.4739,46.0
55142237.8995,47.0
55142258.2987,47.0
55142276.1976,47.0
55142297.5715,47.0
55142318.5075,47.0
55142336.2424,47.0
55142356.3666,47.0
55142376.3996,47.0
55142398.6656,47.0
55142416.893,47.0
55142437.4393,47.0
55142456.6727,46.0
55142476.2408,46.0
55142498.8584,46.0
55142527.0624,46.0
55142548.3806,46.0
55142568.9261,47.0
55142586.2637,47.0
55142606.0501,47.0
55142626.8986,47.0
55142647.6985,47.0
55142666.7771,47.0
55142687.5921,47.0
55142706.0878,47.0
55142727.9656,47.0
55142747.8986,47.0
55142766.9514,48.0
55142786.1003,48.0
55142805.8948,48.0
55142826.4687,48.0
55142849.1457,48.0
55142866.1697,48.0
55142885.9231,48.0
55142907.7019,47.0
55142926.9912,47.0
55142948.118,47.0
55142966.9276,48.0
55142985.8703,48.0
55143006.0071,48.0
55143026.0113,48.0
55143049.0323,48.0
55143066.2628,48.0
55143085.9406,48.0
55143106.5297,48.0
55143125.9781,48.0
55143147.4885,48.0
55143166.4696,48.0
55143186.4559,49.0
55143205.955,49.0
55143225.9007,49.0
55143248.5143,49.0
55143267.0476,49.0
55143286.1713,49.0
55143306.4528,48.0
55143326.584,48.0
55143347.6972,48.0
55143366.685,49.0
55143386.2795,49.0
55143406.3972,49.0
55143426.1027,49.0
55143447.813,50.0
55143466.7866,50.0
55143486.4432,49.0
55143506.5717,49.0
55143526.5407,50.0
55143547.6701,50.0
55143566.4112,50.0
55143586.4016,49.0
55143606.5829,49.0
55143626.0285,49.0
55143647.3853,48.0
55143666.9404,48.0
55143686.6998,47.0
55143706.5052,47.0
55143726.0055,47.0
55143749.1742,48.0
55143766.5971,48.0
55143787.3664,48.0
55143816.6581,48.0
55143836.1261,48.0
55143856.685,48.0
55143876.072,48.0
55143897.7866,47.0
55143916.6383,47.0
55143940.8677,47.0
55143956.6907,47.0
55143976.377,47.0
55143997.8784,48.0
55144016.6469,48.0
55144036.0839,48.0
55144059.3275,48.0
55144076.8937,49.0
55144097.5039,49.0
55144116.6315,49.0
55144136.056,49.0
55144156.5792,50.0
55144176.6063,50.0
55144197.7403,50.0
55144216.5392,50.0
55144236.71,49.0
55144257.2332,49.0
55144276.6238,49.0
55144298.8494,48.0
55144316.2992,48.0
55144337.0231,48.0
55144356.5499,48.0
55144377.0181,49.0
55144398.3488,49.0
55144417.1369,50.0
55144436.643,50.0
55144457.0225,50.0
55144476.9329,49.0
55144498.1214,49.0
55144516.7926,50.0
55144536.772,50.0
55144556.0232,50.0
55144576.7011,49.0
55144598.6235,49.0
55144616.9657,48.0
55144636.7652,48.0
55144656.2357,48.0
55144676.7371,49.0
55144700.2313,49.0
55144717.0824,48.0
55144736.6741,48.0
55144756.8048,47.0
55144776.0344,47.0
55144798.1634,47.0
55144818.9336,46.0
55144836.2709,46.0
55144856.535,46.0
55144880.4632,46.0
55144898.3049,46.0
55144918.1236,45.0
55144936.4037,45.0
55144956.5551,45.0
55144975.9061,45.0
55144997.1631,45.0
55145016.5984,45.0
55145036.1699,45.0
55145056.9743,45.0
55145087.3921,44.0
55145106.5588,44.0
55145126.4878,44.0
55145146.985,44.0
55145166.3922,44.0
55145187.6173,44.0
55145206.7264,44.0
55145226.5909,44.0
55145246.9493,44.0
55145266.5214,44.0
55145288.5411,44.0
55145306.7842,44.0
55145327.8078,44.0
55145347.0273,44.0
55145366.2121,44.0
55145390.8898,44.0
55145407.4022,43.0
55145426.6814,43.0
55145446.7883,43.0
55145466.3959,43.0
55145486.7526,43.0
55145506.8946,43.0
55145526.5755,43.0
55145547.5627,42.0
55145566.2721,42.0
55145586.685,42.0
55145607.4868,41.0
55145627.0406,41.0
55145647.0308,41.0
55145666.126,41.0
55145686.2705,41.0
55145706.7298,40.0
55145726.2068,40.0
55145746.7281,40.0
55145766.8627,40.0
55145786.8222,39.0
55145807.1286,39.0
55145827.2056,39.0
55145846.9912,38.0
55145866.3307,38.0
55145887.0163,38.0
55145906.684,38.0
55145928.2616,37.0
55145946.5096,37.0
55145966.6173,37.0
55145986.485,38.0
55146006.8016,38.0
55146026.979,39.0
55146046.9129,39.0
55146066.6207,38.0
55146107.4914,39.0
55146127.7615,39.0
55146146.5624,39.0
55146166.6753,40.0
55146186.6289,40.0
55146206.9959,40.0
55146227.3747,40.0
55146246.779,41.0
55146266.5566,41.0
55146287.0447,42.0
55146307.208,42.0
55146326.7897,42.0
55146346.815,43.0
55146366.4245,43.0
55146387.0836,43.0
55146406.149,43.0
55146428.1183,44.0
55146446.9909,44.0
55146466.1746,44.0
55146486.9867,45.0
55146506.8369,45.0
55146527.2216,46.0
55146546.1846,46.0
55146566.6206,46.0
55146586.2361,46.0
55146607.2143,47.0
55146628.2543,47.0
55146646.9139,48.0
55146666.7894,48.0
55146686.8698,49.0
55146706.0337,49.0
55146727.1509,49.0
55146746.6359,50.0
55146766.3279,50.0
55146786.6539,50.0
55146807.2644,51.0
55146827.7488,51.0
55146846.8824,52.0
55146866.6917,52.0
55146886.9444,51.0
55146906.656,51.0
55146927.3621,50.0
55146947.1183,50.0
55146966.5543,51.0
55146987.8847,51.0
55147016.5154,51.0
55147036.1943,51.0
55147056.9354,52.0
55147077.712,52.0
55147096.6898,53.0
55147116.338,53.0
55147137.0816,53.0
55147162.6901,54.0
55147187.3337,54.0
55147206.8299,53.0
55147227.419,53.0
55147246.6202,54.0
55147266.4949,54.0
55147287.0215,55.0
55147307.1147,55.0
55147327.1103,55.0
55147347.0657,56.0
55147366.8188,56.0
55147386.4549,56.0
55147407.0055,55.0
55147427.3879,55.0
55147447.3341,56.0
55147466.8843,56.0
55147487.654,57.0
55147506.9656,57.0
55147526.956,57.0
55147546.9248,56.0
55147567.1216,56.0
55147586.3937,56.0
55147606.7615,55.0
55147626.9509,55.0
55147647.0439,54.0
55147666.7117,54.0
55147687.157,55.0
55147706.675,55.0
55147727.0462,55.0
55147746.9961,56.0
55147766.3298,56.0
55147786.2666,56.0
55147808.575,56.0
55147827.1771,57.0
55147848.1632,57.0
55147866.6171,57.0
55147886.3147,57.0
55147906.5381,57.0
55147926.7927,57.0
55147946.9145,58.0
55147966.6066,58.0
55147986.6308,58.0
55148007.0614,58.0
55148027.0353,58.0
55148046.6252,59.0
55148066.3887,59.0
55148086.1637,59.0
55148106.4993,59.0
55148127.0298,59.0
55148146.4487,59.0
55148166.3334,59.0
55148187.0522,60.0
55148206.5244,60.0
55148227.1913,60.0
55148246.4427,60.0
55148266.3668,60.0
55148286.4915,60.0
55148306.6481,60.0
55148326.9697,61.0
55148346.3515,61.0
55148366.3201,61.0
55148386.9023,61.0
55148406.4815,61.0
55148426.9593,62.0
55148446.2178,62.0
55148466.9709,62.0
55148486.4591,62.0
55148506.556,62.0
55148526.5081,62.0
55148546.1525,62.0
55148566.9248,63.0
55148586.222,63.0
55148606.8784,63.0
55148627.4625,63.0
55148646.3586,63.0
55148667.3591,63.0
55148686.4264,63.0
55148706.4805,63.0
55148727.3947,64.0
55148746.7943,64.0
55148766.1777,64.0
55148786.9929,63.0
55148806.8984,63.0
55148827.4011,63.0
55148847.3359,64.0
55148866.0875,64.0
55148886.0646,64.0
55148909.6252,64.0
55148936.8474,64.0
55148956.7162,63.0
55148977.4226,63.0
55148996.4216,64.0
55149015.7783,64.0
55149036.8118,64.0
55149056.0971,64.0
55149077.2607,65.0
55149096.5109,65.0
55149116.7355,65.0
55149136.5775,64.0
55149156.6286,64.0
55149177.0421,64.0
55149196.9047,65.0
55149216.3022,65.0
55149236.232,65.0
55149256.1174,65.0
55149277.2228,65.0
55149296.9782,65.0
55149316.2738,65.0
55149336.7794,66.0
55149356.1868,66.0
55149377.0833,66.0
55149397.5396,66.0
55149416.1614,66.0
55149436.5043,66.0
55149457.1362,66.0
55149476.9255,66.0
55149498.7965,67.0
55149518.926,67.0
55149536.1168,67.0
55149560.9891,67.0
55149577.1023,68.0
55149598.8642,68.0
55149616.0908,68.0
55149636.0116,68.0
55149657.342,68.0
55149677.2826,68.0
55149698.9361,67.0
55149716.8891,67.0
55149736.6408,68.0
55149755.8939,68.0
55149779.4742,68.0
55149797.8286,68.0
55149816.4747,69.0
55149835.8733,69.0
55149857.395,69.0
55149878.1421,70.0
55149897.6361,70.0
55149916.0592,70.0
55149936.4684,71.0
55149956.0866,71.0
55149976.3498,71.0
55149999.0887,71.0
55150016.7739,71.0
55150036.3443,71.0
55150055.9799,71.0
55150077.2287,71.0
55150096.684,72.0
55150116.4891,72.0
55150136.1608,72.0
55150155.8453,72.0
55150178.9365,72.0
55150208.1674,72.0
55150227.1366,72.0
55150246.6988,73.0
55150266.6635,73.0
55150286.066,73.0
55150308.4868,74.0
55150327.9348,74.0
55150346.9531,74.0
55150365.989,74.0
55150387.5657,75.0
55150409.2436,75.0
55150427.4423,75.0
55150446.9172,74.0
55150467.8559,74.0
55150486.7229,73.0
55150506.4251,73.0
55150526.4821,73.0
55150546.8332,73.0
55150566.7126,74.0
55150586.75,74.0
55150608.5199,73.0
55150636.6716,73.0
55150657.5373,73.0
55150681.4497,73.0
55150697.0394,72.0
55150716.6892,72.0
55150736.6124,73.0
55150759.4724,73.0
55150776.837,72.0
55150796.686,72.0
55150817.721,71.0
55150847.28,71.0
55150866.5499,70.0
55150886.2165,70.0
55150908.12,70.0
55150927.0805,70.0
55150946.8316,69.0
55150966.6545,69.0
55150986.1999,69.0
55151008.2907,68.0
55151027.2414,68.0
55151046.8611,68.0
55151066.1542,68.0
55151086.0369,68.0
55151107.8362,67.0
55151127.7995,67.0
55151146.6183,67.0
55151166.0213,67.0
55151186.2051,67.0
55151206.6241,67.0
55151227.8643,66.0
55151246.4094,66.0
55151266.1651,66.0
55151286.5028,66.0
55151306.4024,66.0
55151329.9136,66.0
55151346.3944,66.0
55151366.6884,65.0
55151386.0824,65.0
55151409.3295,65.0
55151426.78,65.0
55151446.154,65.0
55151466.0103,65.0
55151487.3287,64.0
55151506.7825,64.0
55151526.3688,64.0
55151546.8069,64.0
55151566.1513,64.0
55151586.0646,64.0
55151607.3913,65.0
55151626.4543,65.0
55151646.1993,65.0
55151666.5604,64.0
55151685.9655,64.0
55151706.8873,64.0
55151726.3575,64.0
55151746.6454,63.0
55151766.7478,63.0
55151786.0515,63.0
55151806.9275,64.0
55151826.5996,64.0
55151846.6124,63.0
55151866.1525,63.0
55151886.4281,63.0
55151906.9457,62.0
55151936.8138,62.0
55151957.5719,61.0
55151976.2099,61.0
55151996.4751,61.0
55152016.5305,62.0
55152036.4004,62.0
55152057.8203,61.0
55152077.3559,61.0
55152096.6012,61.0
55152136.2366,61.0
55152157.4044,61.0
55152177.193,62.0
55152196.4331,62.0
55152216.4574,63.0
55152236.6678,63.0
55152257.4653,64.0
55152276.9916,64.0
55152295.9471,64.0
55152316.4919,65.0
55152336.5337,65.0
55152357.4613,66.0
55152376.6943,66.0
55152396.8343,67.0
55152415.9419,67.0
55152436.4682,67.0
55152457.5425,66.0
55152476.1079,66.0
55152496.3892,66.0
55152518.4899,65.0
55152536.5565,65.0
55152558.397,64.0
55152577.1199,64.0
55152596.3643,65.0
55152615.8084,65.0
55152636.5356,65.0
55152657.0733,64.0
55152676.5133,64.0
55152696.3938,63.0
55152715.8885,63.0
55152736.3799,63.0
55152757.1202,64.0
55152786.3409,64.0
55152807.4114,64.0
55152826.835,63.0
55152846.4568,63.0
55152866.8419,63.0
55152886.3432,62.0
55152907.6046,62.0
55152926.5659,61.0
55152946.3618,61.0
55152967.8572,60.0
55152986.6306,60.0
55153006.8964,59.0
55153026.4978,59.0
55153046.1413,59.0
55153066.2095,60.0
55153086.5928,60.0
55153106.6313,60.0
55153126.3396,61.0
55153146.1782,61.0
55153166.4769,62.0
55153186.3825,62.0
55153206.8255,61.0
55153226.3259,61.0
55153246.4897,60.0
55153266.387,60.0
55153287.9186,59.0
55153306.9278,59.0
55153326.5033,58.0
55153346.3274,58.0
55153366.6729,59.0
55153390.2935,59.0
55153416.7657,58.0
55153437.4041,58.0
55153457.4904,57.0
55153476.3547,57.0
55153496.7294,56.0
55153516.3344,56.0
55153537.2182,57.0
55153557.2133,57.0
55153576.7506,57.0
55153596.5352,56.0
55153616.4112,56.0
55153637.0607,57.0
55153656.5391,57.0
55153676.4245,58.0
55153696.6313,58.0
55153716.5253,59.0
55153735.8222,59.0
55153756.5847,59.0
55153776.5286,60.0
55153796.6356,60.0
55153815.9482,60.0
55153837.2759,59.0
55153856.5398,59.0
55153876.5723,60.0
55153897.1094,60.0
55153916.4544,61.0
55153935.8227,61.0
55153956.5861,61.0
55153976.4823,62.0
55153996.0742,62.0
55154018.8331,62.0
55154046.2143,62.0
55154066.6344,63.0
55154087.1203,63.0
55154106.3852,64.0
55154126.0158,64.0
55154145.8605,64.0
55154166.5147,64.0
55154187.6386,65.0
55154206.4799,65.0
55154226.2872,65.0
55154246.3003,64.0
55154266.4864,64.0
55154286.8952,63.0
55154306.7181,63.0
55154326.0014,63.0
55154346.4828,64.0
55154366.0646,64.0
55154387.3001,64.0
55154407.0263,63.0
55154426.5159,63.0
55154446.5208,64.0
55154466.5947,64.0
55154487.6256,65.0
55154506.5321,65.0
55154526.3918,65.0
55154546.3169,66.0
55154566.608,66.0
55154587.5889,66.0
55154606.6863,65.0
55154626.5553,65.0
55154646.5254,64.0
55154666.4322,64.0
55154696.4425,64.0
55154716.6074,65.0
55154737.4633,65.0
55154756.803,65.0
55154776.6261,66.0
55154796.3628,66.0
55154816.0986,66.0
55154837.5001,65.0
55154856.429,65.0
55154876.1472,65.0
55154896.5562,66.0
55154916.2647,66.0
55154956.7231,66.0
55154976.1287,66.0
55154996.4527,67.0
55155017.2372,67.0
55155037.0445,68.0
55155056.6647,68.0
55155076.5663,68.0
55155095.9184,68.0
55155118.2673,68.0
55155137.3891,69.0
55155156.7205,69.0
55155176.2507,69.0
55155196.5926,70.0
55155216.676,70.0
55155237.1056,71.0
55155260.6399,71.0
55155276.4024,71.0
55155296.5884,71.0
55155316.525,72.0
55155336.9881,72.0
55155356.583,72.0
55155376.5938,73.0
55155396.6208,73.0
55155416.838,73.0
55155436.8291,73.0
55155456.3861,73.0
55155496.1611,73.0
55155516.3245,73.0
55155537.9474,72.0
55155558.4252,72.0
55155576.0954,72.0
55155596.5522,72.0
55155616.2391,72.0
55155636.9852,72.0
55155656.5881,72.0
55155676.4532,71.0
55155696.603,71.0
55155715.9893,71.0
55155736.8432,71.0
55155756.9334,71.0
55155776.6095,71.0
55155796.2813,71.0
55155816.5969,71.0
55155837.0355,72.0
55155856.6611,72.0
55155876.2046,72.0
55155897.0129,73.0
55155916.4766,73.0
55155937.9866,73.0
55155957.1678,72.0
55155976.8291,72.0
55155996.4281,72.0
55156016.6114,73.0
55156036.5463,73.0
55156057.048,73.0
55156076.0623,73.0
55156096.9082,72.0
55156116.5885,72.0
55156137.0579,73.0
55156156.5274,73.0
55156176.5553,73.0
55156196.7574,74.0
55156216.2932,74.0
55156236.5222,74.0
55156256.816,74.0
55156276.5693,75.0
55156296.7662,75.0
55156316.5233,76.0
55156337.5669,76.0
55156356.9193,77.0
55156376.8066,77.0
55156396.5165,78.0
55156416.1973,78.0
55156436.6743,78.0
55156456.7514,77.0
55156476.8151,77.0
55156496.3354,77.0
55156516.614,78.0
55156536.6588,78.0
55156556.7565,77.0
55156577.7786,77.0
55156606.9823,77.0
55156626.5252,77.0
55156646.9554,78.0
55156667.2706,78.0
55156686.783,79.0
55156706.5036,79.0
55156726.2722,79.0
55156746.9603,80.0
55156767.811,80.0
55156786.7768,79.0
55156806.6703,79.0
55156826.8877,78.0
55156846.5837,78.0
55156867.4488,78.0
55156887.4993,77.0
55156905.9647,77.0
55156926.8961,77.0
55156946.8211,76.0
55156966.5892,76.0
55157094.9186,76.0
55157250.4012,76.0
55157405.638,75.0
55157570.1592,75.0
55157713.8489,75.0
55157727.1058,76.0
55157855.5408,76.0
55158022.2942,76.0
55158037.1849,76.0
55158056.2714,76.0
55158076.6094,75.0
55158096.811,75.0
55158237.1333,75.0
55158330.1781,75.0
55158535.7757,75.0
55158547.3121,76.0
55158844.2204,76.0
55158972.5509,76.0
55159153.0009,77.0
55159280.1646,77.0
55159460.9023,77.0
55159466.9991,77.0
55159586.4083,78.0
55159769.284,78.0
55160057.7809,78.0
55160200.6109,78.0
55160449.2869,77.0
55160497.8547,77.0
55160517.3761,77.0
55160536.1898,77.0
55160556.279,77.0
55160576.3966,77.0
55160597.5221,76.0
55160616.8318,76.0
55160635.9299,76.0
55160657.1007,75.0
55160677.1557,75.0
55160697.6143,76.0
55160717.4713,76.0
55160736.4659,75.0
55160756.7707,75.0
55160776.3962,75.0
55160797.165,76.0
55160817.3817,76.0
55160836.6199,76.0
55160856.6899,77.0
55160876.2891,77.0
55160897.4583,77.0
55160916.9319,78.0
55160936.5843,78.0
55160956.8899,78.0
55160976.5085,79.0
55160996.1997,79.0
55161016.8499,79.0
55161036.0718,79.0
55161057.9189,79.0
55161077.1661,79.0
55161097.2134,80.0
55161116.0476,80.0
55161136.056,80.0
55161156.7198,80.0
55161176.6882,80.0
55161197.0552,80.0
55161216.2405,80.0
55161236.1911,80.0
55161255.8598,80.0
55161277.2108,81.0
55161297.3854,81.0
55161316.0884,81.0
55161336.0333,81.0
55161356.097,81.0
55161376.7169,82.0
55161396.2185,82.0
55161416.5181,82.0
55161435.9607,82.0
55161456.894,82.0
55161476.7364,82.0
55161497.3404,83.0
55161516.4292,83.0
55161535.998,83.0
55161556.5504,83.0
55161576.6177,83.0
55161596.935,83.0
55161617.4696,83.0
55161635.9585,83.0
55161656.5012,83.0
55161676.9401,84.0
55161696.9228,84.0
55161726.8928,84.0
55161746.6257,84.0
55161766.9772,84.0
55161786.5649,83.0
55161806.3745,83.0
55161825.9693,83.0
55161846.1377,83.0
55161866.0016,83.0
55161886.8946,83.0
55161906.0664,83.0
55161925.8624,83.0
55161946.1995,83.0
55161966.2188,83.0
55161986.9293,84.0
55162006.0497,84.0
55162026.3597,84.0
55162046.6626,85.0
55162066.5929,85.0
55162085.9608,85.0
55162106.7305,86.0
55162126.3783,86.0
55162146.7243,86.0
55162167.8641,86.0
55162186.8194,85.0
55162205.9063,85.0
55162227.4407,85.0
55162246.9724,86.0
55162267.1961,86.0
55162287.1329,87.0
55162307.1732,87.0
55162326.7677,88.0
55162347.2067,88.0
55162376.5014,88.0
55162396.7015,88.0
55162416.472,89.0
55162436.4991,89.0
55162456.3951,88.0
55162476.6444,88.0
55162499.1037,89.0
55162516.3936,89.0
55162536.4057,89.0
55162556.0302,89.0
55162575.8145,89.0
55162596.1365,89.0
55162616.4982,88.0
55162636.2607,88.0
55162655.9675,88.0
55162676.4653,87.0
55162697.2073,87.0
55162716.2001,87.0
55162736.4784,88.0
55162756.7927,88.0
55162777.4025,89.0
55162799.1307,89.0
55162817.2333,90.0
55162836.5367,90.0
55162856.5952,91.0
55162876.5624,91.0
55162897.1345,91.0
55162917.1232,90.0
55162936.95,90.0
55162956.9262,89.0
55162977.1233,89.0
55163007.0196,90.0
55163027.0016,90.0
55163047.0902,89.0
55163066.6972,89.0
55163086.8932,88.0
55163107.5155,88.0
55163126.5582,87.0
55163146.8782,87.0
55163168.4073,86.0
55163186.9812,86.0
55163208.8043,86.0
55163227.3152,87.0
55163246.7793,87.0
55163266.1565,87.0
55163286.6964,86.0
55163306.9237,86.0
55163327.0409,85.0
55163346.8552,85.0
55163366.7744,84.0
55163387.0546,84.0
55163406.5397,84.0
55163427.3062,85.0
55163446.826,85.0
55163466.4853,84.0
55163486.8872,84.0
55163507.2802,83.0
55163527.0221,83.0
55163546.5393,83.0
55163566.4463,84.0
55163587.4685,84.0
55163606.6253,84.0
55163626.9951,83.0
55163657.1813,83.0
55163677.4178,83.0
55163696.7727,82.0
55163716.1731,82.0
55163736.4552,82.0
55163756.8406,82.0
55163776.0454,82.0
55163796.7167,82.0
55163816.1651,82.0
55163837.2622,81.0
55163856.4715,81.0
55163876.2837,81.0
55163896.4734,81.0
55163916.0454,81.0
55163937.1509,81.0
55163956.4981,81.0
55163976.6653,81.0
55164007.4119,81.0
55164027.904,81.0
55164047.5304,81.0
55164065.9911,81.0
55164086.3065,81.0
55164106.4542,81.0
55164126.8783,80.0
55164146.4194,80.0
55164166.3846,80.0
55164186.5104,80.0
55164206.0553,80.0
55164226.1629,80.0
55164246.2508,80.0
55164266.1389,80.0
55164286.2104,80.0
55164306.2341,80.0
55164326.9912,80.0
55164346.2028,80.0
55164366.8365,79.0
55164385.8923,79.0
55164407.2964,79.0
55164426.6548,79.0
55164446.2461,79.0
55164466.772,78.0
55164486.1878,78.0
55164506.9904,78.0
55164528.1945,78.0
55164552.3361,79.0
55164577.4176,79.0
55164597.1803,78.0
55164616.281,78.0
55164636.1787,78.0
55164657.1908,78.0
55164676.4273,78.0
55164697.6041,79.0
55164716.7785,79.0
55164736.463,78.0
55164757.1206,78.0
55164776.3321,78.0
55164796.7985,79.0
55164816.9408,79.0
55164836.9499,78.0
55164856.6738,78.0
55164877.4027,78.0
55164897.1179,79.0
55164926.2962,79.0
55164949.2333,79.0
55164967.2297,80.0
55164987.1853,80.0
55165006.9217,81.0
55165027.1293,81.0
55165047.2141,82.0
55165066.7783,82.0
55165086.4206,82.0
55165106.9908,81.0
55165127.3183,81.0
55165147.0498,81.0
55165166.9386,82.0
55165186.2498,82.0
55165206.6851,82.0
55165226.1215,82.0
55165246.7081,83.0
55165267.0907,83.0
55165286.0816,83.0
55165306.4311,84.0
55165326.931,84.0
55165347.0191,84.0
55165368.1291,84.0
55165387.031,83.0
55165406.4246,83.0
55165427.1163,84.0
55165447.2392,84.0
55165466.4386,84.0
55165486.4901,83.0
55165506.801,83.0
55165526.7042,83.0
55165546.7667,83.0
55165566.6636,82.0
55165586.8511,82.0
55165606.5851,83.0
55165626.2837,83.0
55165647.2806,83.0
55165667.104,84.0
55165686.2067,84.0
55165706.2627,84.0
55165726.7569,84.0
55165746.5862,83.0
55165768.4427,83.0
55165786.7889,84.0
55165806.5261,84.0
55165826.6571,84.0
55165846.4409,83.0
55165867.1787,83.0
55165886.2818,83.0
55165907.0415,84.0
55165926.5587,84.0
55165946.5909,84.0
55165966.2263,84.0
55165986.8946,83.0
55166006.9711,83.0
55166026.5933,82.0
55166046.5277,82.0
55166066.7026,83.0
55166086.5218,83.0
55166106.2403,83.0
55166126.5788,82.0
55166146.9361,82.0
55166166.3759,81.0
55166187.4629,81.0
55166216.8225,81.0
55166237.008,80.0
55166257.0576,80.0
55166276.5781,79.0
55166296.5249,79.0
55166316.4395,80.0
55166336.3947,80.0
55166356.5519,80.0
55166376.2833,80.0
55166396.7987,79.0
55166417.0564,79.0
55166435.9491,79.0
55166456.5463,79.0
55166476.2547,79.0
55166496.954,80.0
55166516.9496,80.0
55166537.0213,81.0
55166556.6308,81.0
55166576.5076,80.0
55166596.0267,80.0
55166616.6139,80.0
55166636.4041,81.0
55166656.4823,81.0
55166677.3662,81.0
55166696.7023,82.0
55166716.5965,82.0
55166736.433,82.0
55166757.0267,81.0
55166777.6665,81.0
55166796.8381,80.0
55166816.8857,80.0
55166846.3555,80.0
55166866.5676,79.0
55166886.5334,79.0
55166906.0313,79.0
55166928.3266,78.0
55166947.8628,78.0
55166966.2976,79.0
55166986.5306,79.0
55167007.0369,79.0
55167028.4133,80.0
55167047.1685,80.0
55167066.4074,80.0
55167085.8381,80.0
55167106.4956,81.0
55167126.7621,81.0
55167146.3452,81.0
55167169.6749,80.0
55167186.5016,80.0
55167206.3922,81.0
55167227.1929,81.0
55167246.9171,81.0
55167266.5102,81.0
55167286.1922,81.0
55167306.4977,81.0
55167327.5546,82.0
55167346.9628,82.0
55167366.4883,82.0
55167386.3485,82.0
55167406.9688,83.0
55167427.4148,83.0
55167446.3452,83.0
55167467.5645,83.0
55167497.4366,83.0
55167516.6561,84.0
55167537.7165,84.0
55167556.6153,84.0
55167577.4354,85.0
55167597.2465,85.0
55167616.1996,85.0
55167637.1539,85.0
55167656.2149,85.0
55167677.3582,86.0
55167696.1591,86.0
55167716.8767,86.0
55167736.9756,85.0
55167756.8978,85.0
55167777.2442,86.0
55167796.8892,86.0
55167817.8928,86.0
55167836.7015,87.0
55167856.2841,87.0
55167877.0095,87.0
55167899.5359,86.0
55167919.979,86.0
55167937.0153,85.0
55167957.0108,85.0
55167976.8646,86.0
55167996.0736,86.0
55168017.093,86.0
55168036.5934,86.0
55168056.5331,86.0
55168077.0348,87.0
55168098.5362,87.0
55168127.1011,87.0
55168146.4625,88.0
55168166.3814,88.0
55168186.9831,88.0
55168205.9663,88.0
55168227.1128,89.0
55168246.7319,89.0
55168266.7916,89.0
55168286.6973,88.0
55168307.1339,88.0
55168329.4389,89.0
55168346.9645,89.0
55168366.2767,89.0
55168386.8774,88.0
55168406.3683,88.0
55168426.4758,88.0
55168446.8533,87.0
55168467.0358,87.0
55168486.5227,87.0
55168507.2437,88.0
55168526.7515,88.0
55168550.7996,87.0
55168566.9284,87.0
55168586.9004,88.0
55168607.549,88.0
55168632.1615,89.0
55168657.0547,89.0
55168676.4832,89.0
55168696.9809,89.0
55168716.398,90.0
55168740.0558,90.0
55168760.3233,90.0
55168776.5248,89.0
55168795.97,89.0
55168816.6304,89.0
55168836.8862,89.0
55168857.7667,90.0
55168876.4082,90.0
55168896.677,90.0
55168915.9384,90.0
55168937.0253,91.0
55168956.7484,91.0
55168976.6623,91.0
55168996.4527,91.0
55169015.7657,91.0
55169036.6083,92.0
55169057.4983,92.0
55169076.2478,92.0
55169096.8144,91.0
55169116.6183,91.0
55169136.5098,91.0
55169157.2132,91.0
55169176.3024,91.0
55169197.938,92.0
55169216.9305,92.0
55169236.0026,92.0
55169257.2987,91.0
55169276.9206,91.0
55169296.369,92.0
55169316.7201,92.0
55169336.1138,92.0
55169358.6962,93.0
55169377.2777,93.0
55169396.7959,94.0
55169416.0929,94.0
55169436.2891,94.0
55169458.0722,93.0
55169477.5014,93.0
55169496.0912,93.0
55169516.4285,93.0
55169536.4549,92.0
55169558.6543,92.0
55169576.7598,91.0
55169596.5646,91.0
55169615.9527,91.0
55169637.0181,92.0
55169659.6251,92.0
55169676.7238,91.0
55169696.3522,91.0
55169716.8542,91.0
55169736.969,90.0
55169757.6382,90.0
55169777.9345,90.0
55169796.5937,89.0
55169815.8565,89.0
55169836.9015,89.0
55169859.8053,89.0
55169876.9566,89.0
55169895.9622,89.0
55169916.9451,88.0
55169935.9163,88.0
55169956.8195,88.0
55169976.1112,88.0
55169996.4465,88.0
55170015.956,88.0
55170036.3627,88.0
55170056.8101,88.0
55170076.1152,88.0
55170096.4822,88.0
55170116.811,88.0
55170136.2121,88.0
55170156.434,88.0
55170176.1972,88.0
55170198.5789,88.0
55170225.2317,88.0
55170246.3592,88.0
55170266.0849,88.0
55170286.7005,88.0
55170306.3969,88.0
55170325.9156,88.0
55170345.9568,88.0
55170366.3727,88.0
55170386.8946,87.0
55170406.6993,87.0
55170426.0872,87.0
55170446.1923,87.0
55170466.4019,87.0
55170485.985,87.0
55170507.0349,87.0
55170526.4871,86.0
55170546.0629,86.0
55170565.9586,86.0
55170586.9418,86.0
55170608.399,85.0
55170626.4425,85.0
55170646.0684,85.0
55170666.4997,85.0
55170686.6456,84.0
55170706.8102,84.0
55170726.6169,84.0
55170745.9038,84.0
55170766.4437,85.0
55170787.3211,85.0
55170807.0526,86.0
55170826.3083,86.0
55170846.6585,85.0
55170866.1056,85.0
55170889.1082,85.0
55170906.5898,85.0
55170926.618,84.0
55170946.5864,84.0
55170966.1105,84.0
55170986.7127,85.0
55171006.945,85.0
55171026.5748,86.0
55171046.5119,86.0
55171066.4069,87.0
55171086.4727,87.0
55171107.8318,86.0
55171125.8503,86.0
55171145.9974,86.0
55171166.6015,86.0
55171186.6639,85.0
55171206.8656,85.0
55171226.0941,85.0
55171246.3858,84.0
55171266.5686,84.0
55171286.5411,85.0
55171307.2316,85.0
55171336.4451,85.0
55171357.6919,84.0
55171376.9148,84.0
55171396.0019,84.0
55171416.9879,83.0
55171436.4825,83.0
55171456.6226,83.0
55171476.5008,82.0
55171496.4739,82.0
55171516.9454,83.0
55171536.9134,83.0
55171557.0732,84.0
55171576.0765,84.0
55171596.7934,84.0
55171617.0373,85.0
55171636.8906,85.0
55171656.9049,86.0
55171676.6692,86.0
55171697.0479,87.0
55171717.0626,87.0
55171736.9856,86.0
55171757.0582,86.0
55171776.4224,85.0
55171796.3579,85.0
55171816.9228,86.0
55171836.4326,86.0
55171857.0698,85.0
55171875.8619,85.0
55171896.474,85.0
55171916.3974,84.0
55171936.6272,84.0
55171956.4739,84.0
55171976.4215,85.0
55171996.5255,85.0
55172016.9759,86.0
55172036.8015,86.0
55172057.075,85.0
55172076.6111,85.0
55172096.3156,85.0
55172117.2237,84.0
55172136.5966,84.0
55172157.0598,85.0
55172176.571,85.0
55172196.3605,86.0
55172215.9295,86.0
55172237.8524,86.0
55172256.9199,85.0
55172276.924,85.0
55172297.0034,84.0
55172316.8573,84.0
55172336.5835,83.0
55172356.5368,83.0
55172376.1965,84.0
55172396.5051,84.0
55172415.7534,84.0
55172437.7223,83.0
55172456.7052,83.0
55172476.3526,82.0
55172496.5346,82.0
55172516.159,81.0
55172536.4697,81.0
55172556.771,80.0
55172576.4246,80.0
55172606.3733,80.0
55172628.8474,81.0
55172646.4432,81.0
55172665.7978,81.0
55172686.3467,81.0
55172706.4143,82.0
55172726.5183,82.0
55172746.2815,82.0
55172766.5609,83.0
55172786.0398,83.0
55172810.2009,83.0
55172826.434,83.0
55172846.8285,82.0
55172866.7906,82.0
55172886.1176,82.0
55172906.6551,81.0
55172926.5287,81.0
55172946.2895,81.0
55172966.0144,81.0
55172987.9253,81.0
55173006.5168,82.0
55173025.9146,82.0
55173046.6614,82.0
55173066.4219,82.0
55173087.1943,81.0
55173106.4146,81.0
55173126.0036,81.0
55173146.3098,81.0
55173166.8666,82.0
55173187.687,82.0
55173206.0982,82.0
55173226.8661,83.0
55173256.3637,83.0
55173276.6074,83.0
55173295.8846,83.0
55173316.9096,84.0
55173336.8527,84.0
55173356.151,84.0
55173376.3978,84.0
55173396.6532,84.0
55173416.7992,85.0
55173436.9182,85.0
55173456.5217,85.0
55173476.5108,86.0
55173496.3562,86.0
55173515.9854,86.0
55173537.7257,86.0
55173556.5648,86.0
55173576.175,86.0
55173595.9521,86.0
55173616.8875,85.0
55173637.2631,85.0
55173656.4131,85.0
55173676.7716,86.0
55173695.8467,86.0
55173716.7104,86.0
55173737.07,86.0
55173756.7199,86.0
55173776.5279,87.0
55173797.0331,87.0
55173816.6297,87.0
55173837.4351,86.0
55173857.695,86.0
55173876.4885,87.0
55173895.7616,87.0
55173915.9864,87.0
55173937.0469,87.0
55173956.3548,88.0
55173976.2006,88.0
55173997.2194,88.0
55174027.6462,87.0
55174048.2408,87.0
55174077.2555,87.0
55174096.6727,87.0
55174115.7654,87.0
55174136.9839,88.0
55174155.9675,88.0
55174176.5346,88.0
55174196.4679,89.0
55174216.0581,89.0
55174236.9703,89.0
55174255.9344,89.0
55174275.8418,89.0
55174296.2239,90.0
55174315.6512,90.0
55174336.5729,90.0
55174355.9747,90.0
55174376.5485,90.0
55174395.9197,90.0
55174415.7495,90.0
55174438.3446,91.0
55174455.9442,91.0
55174475.7833,91.0
55174495.8628,91.0
55174526.678,91.0
55174546.5361,91.0
55174566.5338,90.0
55174587.6624,90.0
55174607.2438,90.0
55174626.3357,90.0
55174646.6587,91.0
55174666.1569,91.0
55174687.1099,91.0
55174706.1384,91.0
55174726.3679,91.0
55174746.8059,92.0
55174766.1242,92.0
55174787.541,92.0
55174806.3179,93.0
55174826.5247,93.0
55174846.5473,93.0
55174871.0957,93.0
55174896.3023,93.0
55174916.4244,92.0
55174937.2126,92.0
55174956.3544,92.0
55174976.4852,91.0
55174996.8592,91.0
55175015.6674,91.0
55175036.9134,91.0
55175056.0727,91.0
55175076.6244,92.0
55175096.3307,92.0
55175126.7733,92.0
55175146.5768,92.0
55175166.8412,92.0
55175189.0342,92.0
55175206.2332,92.0
55175233.5246,93.0
55175267.0317,93.0
55175286.9252,92.0
55175306.4395,92.0
55175326.6514,91.0
55175346.7951,91.0
55175366.6846,92.0
55175387.1803,92.0
55175406.8181,93.0
55175425.9036,93.0
55175448.4891,93.0
55175477.7548,92.0
55175497.5915,92.0
55175524.4241,91.0
55175546.7544,91.0
55175566.8423,90.0
55175587.1305,90.0
55175606.3133,90.0
55175626.8814,91.0
55175646.9201,91.0
55175672.2177,90.0
55175697.3179,90.0
55175725.4688,89.0
55175749.2152,89.0
55175765.7564,89.0
55175787.4173,90.0
55175818.0902,90.0
55175837.3406,89.0
55175855.9922,89.0
55175876.3337,89.0
55175896.8772,89.0
55175917.3942,88.0
55175936.4121,88.0
55175955.928,88.0
55175977.3689,88.0
55175996.4966,87.0
55176016.2683,87.0
55176036.979,87.0
55176055.9883,87.0
55176077.0207,88.0
55176097.0021,88.0
55176116.5632,88.0
55176136.9712,87.0
55176156.4371,87.0
55176176.3399,87.0
55176196.4237,87.0
55176218.454,87.0
55176236.6834,87.0
55176256.4576,86.0
55176275.8528,86.0
55176295.9363,86.0
55176317.0775,86.0
55176337.8149,86.0
55176356.1245,86.0
55176376.1129,86.0
55176396.4812,86.0
55176418.2917,85.0
55176446.789,85.0
55176468.5649,85.0
55176487.4766,85.0
55176506.5644,85.0
55176526.4762,85.0
55176546.6206,84.0
55176566.8335,84.0
55176586.3379,84.0
55176606.3122,84.0
55176626.4326,84.0
55176646.198,84.0
55176667.4254,85.0
55176686.6831,85.0
55176706.6983,85.0
55176730.7581,85.0
55176757.2583,84.0
55176779.4334,84.0
55176796.485,84.0
55176817.5552,83.0
55176837.5226,83.0
55176856.5577,83.0
55176876.9371,82.0
55176896.2413,82.0
55176917.4885,82.0
55176939.9459,81.0
55176968.0971,81.0
55176986.1616,81.0
55177006.9309,82.0
55177026.6255,82.0
55177046.9689,81.0
55177066.9747,81.0
55177096.5986,81.0
55177117.351,81.0
55177136.207,81.0
55177156.4808,80.0
55177185.7221,80.0
55177207.6856,80.0
55177226.9031,81.0
55177252.6074,81.0
55177277.6853,82.0
55177296.7688,82.0
55177317.1689,81.0
55177337.1275,81.0
55177357.0425,81.0
55177376.6254,80.0
55177396.3052,80.0
55177417.0321,80.0
55177436.3096,79.0
55177456.9281,79.0
55177477.0562,80.0
55177496.4274,80.0
55177516.99,79.0
55177537.0416,79.0
55177561.9301,79.0
55177592.364,79.0
55177617.4339,78.0
55177635.9436,78.0
55177656.784,78.0
55177676.8932,79.0
55177696.3575,79.0
55177718.7238,79.0
55177736.5177,78.0
55177756.5871,78.0
55177776.5826,78.0
55177796.7404,79.0
55177816.9599,79.0
55177837.2666,80.0
55177859.832,80.0
55177876.6321,80.0
55177896.0641,79.0
55177917.5765,79.0
55177937.2837,79.0
55177956.3558,80.0
55177976.7286,80.0
55177996.1991,79.0
55178016.9337,79.0
55178036.2768,78.0
55178056.3342,78.0
55178076.466,77.0
55178096.2414,77.0
55178116.9544,78.0
55178136.1907,78.0
55178158.2841,77.0
55178176.2326,77.0
55178195.7631,77.0
55178217.3959,78.0
55178236.8533,78.0
55178256.2594,78.0
55178276.9643,79.0
55178296.4081,79.0
55178317.2376,79.0
55178336.3851,78.0
55178366.85,78.0
55178386.5167,78.0
55178406.2627,78.0
55178426.3678,78.0
55178446.231,78.0
55178467.4861,78.0
55178487.1217,79.0
55178506.4887,79.0
55178526.888,79.0
55178556.7492,80.0
55178576.6599,80.0
55178596.8462,80.0
55178616.3759,80.0
55178636.5068,81.0
55178655.8087,81.0
55178676.1028,81.0
55178696.8281,81.0
55178717.3584,82.0
55178736.5456,82.0
55178756.7749,82.0
55178776.3951,83.0
55178796.3363,83.0
55178816.718,83.0
55178835.9169,83.0
55178856.9246,84.0
55178876.8536,84.0
55178896.5963,84.0
55178916.5816,85.0
55178938.1863,85.0
55178956.6545,85.0
55178978.0255,86.0
55178996.608,86.0
55179016.9097,86.0
55179036.6869,86.0
55179055.9117,86.0
55179076.4755,87.0
55179095.894,87.0
55179116.6829,87.0
55179136.3776,88.0
55179156.2769,88.0
55179176.5173,88.0
55179196.0143,88.0
55179216.8937,89.0
55179236.1334,89.0
55179256.4228,89.0
55179278.9868,90.0
55179295.8777,90.0
55179316.7977,90.0
55179336.5872,91.0
55179356.5952,91.0
55179376.095,91.0
55179396.467,91.0
55179416.4892,90.0
55179436.5093,90.0
55179456.3606,90.0
55179476.8792,89.0
55179496.7386,89.0
55179516.8831,90.0
55179535.7595,90.0
55179556.8738,90.0
55179576.3008,90.0
55179596.1867,90.0
55179616.8937,89.0
55179646.4284,89.0
55179666.8882,89.0
55179686.3227,90.0
55179706.2339,90.0
55179728.1622,90.0
55179746.7049,91.0
55179766.5482,91.0
55179785.7959,91.0
55179807.0881,91.0
55179826.1306,91.0
55179846.4484,92.0
55179866.6482,92.0
55179886.9091,92.0
55179905.9661,92.0
55179926.3322,93.0
55179945.5794,93.0
55179966.3761,93.0
55179987.003,93.0
55180006.062,93.0
55180026.5725,93.0
55180045.8657,93.0
55180066.3736,94.0
55180085.9025,94.0
55180106.9593,94.0
55180125.8287,94.0
55180145.6882,94.0
55180165.8204,94.0
55180186.4107,95.0
55180206.6867,95.0
55180226.3775,95.0
55180246.9538,95.0
55180272.0489,96.0
55180297.2503,96.0
55180316.6041,97.0
55180336.5937,97.0
55180356.169,97.0
55180376.6435,97.0
55180395.9794,97.0
55180415.9032,97.0
55180436.4002,98.0
55180455.7295,98.0
55180476.5952,98.0
55180495.8445,98.0
55180517.4338,97.0
55180535.7729,97.0
55180556.1307,97.0
55180577.7828,97.0
55180596.7351,97.0
55180616.8055,97.0
55180636.4195,97.0
55180656.0727,97.0
55180676.4098,97.0
55180695.8966,97.0
55180718.824,97.0
55180736.1336,97.0
55180756.0055,97.0
55180775.8387,97.0
55180796.8147,97.0
55180817.4326,97.0
55180836.2738,97.0
55180856.1604,97.0
55180875.9953,97.0
55180896.7718,97.0
55180916.6486,98.0
55180936.3765,98.0
55180956.9043,98.0
55180976.8465,99.0
55180997.0884,99.0
55181016.43,100.0
55181036.0807,100.0
55181056.5575,100.0
55181076.166,101.0
55181097.5896,101.0
55181116.3081,101.0
55181136.5737,100.0
55181156.2312,100.0
55181176.3134,99.0
55181196.4543,99.0
55181216.4757,100.0
55181236.6805,100.0
55181256.108,100.0
55181276.7703,99.0
55181296.6482,99.0
55181316.825,99.0
55181336.6259,100.0
55181356.8588,100.0
55181376.4522,101.0
55181396.5741,101.0
55181417.1933,101.0
55181436.5966,102.0
55181456.0403,102.0
55181476.2608,102.0
55181496.5427,103.0
55181515.9329,103.0
55181540.7152,103.0
55181566.8729,104.0
55181586.5196,104.0
55181606.9561,103.0
55181626.5683,103.0
55181646.9812,104.0
55181666.5316,104.0
55181686.0699,104.0
55181706.8707,103.0
55181727.1252,103.0
55181747.0293,103.0
55181766.4603,104.0
55181786.8719,104.0
55181806.7207,103.0
55181827.0624,103.0
55181847.0653,104.0
55181867.0767,104.0
55181886.7569,105.0
55181906.7717,105.0
55181926.6109,104.0
55181947.4945,104.0
55181967.4628,103.0
55181986.8068,103.0
55182006.0974,103.0
55182026.3823,104.0
55182046.1333,104.0
55182066.6678,104.0
55182086.2073,104.0
55182106.9534,105.0
55182126.9132,105.0
55182146.9287,104.0
55182166.6002,104.0
55182186.5426,104.0
55182216.2023,104.0
55182236.9218,103.0
55182256.9175,103.0
55182276.4115,103.0
55182296.9351,104.0
55182316.6475,104.0
55182336.4981,105.0
55182358.1843,105.0
55182376.5504,106.0
55182397.4543,106.0
55182417.1806,106.0
55182436.1681,105.0
55182459.0478,105.0
55182475.9818,105.0
55182496.007,105.0
55182515.7752,105.0
55182536.2271,104.0
55182555.7291,104.0
55182575.7348,104.0
55182596.9608,104.0
55182615.6313,104.0
55182635.5561,104.0
55182656.2717,104.0
55182675.7025,104.0
55182697.174,104.0
55182715.9319,104.0
55182736.3671,103.0
55182756.7492,103.0
55182775.7508,103.0
55182797.1477,102.0
55182815.868,102.0
55182835.8059,102.0
55182855.9887,102.0
55182876.0626,102.0
55182898.2958,102.0
55182916.6313,102.0
55182935.7124,102.0
55182955.8943,102.0
55182975.9572,102.0
55182997.291,102.0
55183016.9509,101.0
55183035.7542,101.0
55183055.7991,101.0
55183076.0162,101.0
55183097.4339,101.0
55183115.7626,101.0
55183136.1753,101.0
55183156.201,100.0
55183175.9938,100.0
55183196.0901,100.0
55183215.9072,100.0
55183235.8097,100.0
55183255.8601,100.0
55183278.8461,100.0
55183296.6425,100.0
55183315.8526,100.0
55183335.6587,100.0
55183356.4066,99.0
55183376.3023,99.0
55183396.397,99.0
55183416.4208,99.0
55183435.6399,99.0
55183456.4056,99.0
55183486.7931,99.0
55183506.5397,99.0
55183525.8906,99.0
55183546.3765,98.0